0.51099891	(0.27832320817295314, 0.0511205892562567, 0.05112058925625672)	2	3
120.55196063535645	(3.1554436208840472e-30, 3.1554436208840472e-30, 7.355324213954688)	84	1
27.934417673258075	(5.872291838101647, 0.24304147697201453, 0.7311228104566521)	228	3
4.421456003044957	(5.339984914733375, 0.7754047888243897, 11.106856555908353)	57	3
21.603672149397873	(4.682804991920723, 2.144010161613275, 1.7387492565669567)	137	1
0.4944671498979923	(0.40479957371276193, 0.40479957371276193, 0.23692189758251422)	3	3
0.12473547275353436	(1.3330382797475282, 3.7276836114530467, 0.9494075287585568)	3	3
0.1684663289911441	(9.319142820182636, 3.3402655507808943, 0.7831778430819216)	2	3
3.5176687111012854	(4.484233024681079, 9.58147608563828, 0.7676547246930635)	43	3
0.6604962179060248	(3.3919162570159043, 6.939380555927845, 1.868909627304951)	9	3
0.02231911470880732	(2153.4950736993305, 47.41377933611266, 919.6238661683043)	1	3
0.037204409192781895	(1581.0373908825225, 1470.0149782189974, 146.42367153495886)	1	3
0.124921457907476	(58.14819222330575, 58.14819222330575, 316.58460210466467)	2	3
19.162075157239812	(0.29789768486872115, 0.05592364351454532, 0.07209148887880747)	8	0
0.042430722765857354	(2.1994839411990017, 0.24438710457766685, 0.9775484183106674)	2	3
1.3281082791055208	(99.9539624724349, 16.679742594814446, 19.94243657940081)	17	3
2.9000910328350247	(9.62881586305173, 14.473501649231105, 10.49462301277119)	9	3
1.8921581829017668	(6.373825355326561, 5.932584104241175, 15.528168289277795)	2	3
1.23333182856453	(9.742919095070652, 5.07707881681556, 3.476858660066883)	10	3
0.12320622361585265	(23.042319253334348, 14.277155423169319, 10.997958220787364)	1	3
59.845393532939326	(3.175758147847791, 4.317293065010384, 3.851974583637272)	78	3
4.073138310359201	(4.23935537516376, 10.983967452425063, 0.24648676300320638)	26	3
0.06705994065669074	(2.231674316842822, 0.293934928568862, 3.484794518988286)	2	3
2.0807077608253035	(4.902817521073572, 2.3600434131911183, 5.811024533700341)	13	3
202.96683692648588	(0.7363064156167141, 0.597471544546731, 7.695508900587721)	213	1
33.621612631787876	(1.3722770238498212, 0.622029776495988, 1.05738965482937)	77	0
0.2763954004757479	(9.430816264710067, 6.846263971555174, 0.2330297920836236)	9	3
2.3855348126004223	(2.076671692662867, 0.0925360274872969, 0.14441718419703814)	61	3
1.0186220918092794	(84.75813586449128, 71.46660778094783, 49.988937563319276)	3	3
5.983597027987939	(2.4728595802010043, 0.5438193312873301, 1.2451183026593997)	46	3
1.799055149108568	(1.2566846686316868, 0.2513409390453295, 0.13564993257686578)	9	3
3.1189712953660544	(7.082060494373152, 21.85850322168559, 2.903373075137706)	11	3
61.5184005015716	(1.4071918118950129, 0.6711790404641139, 3.8601729763932133)	168	3
17.46235133756127	(3.20561272380648, 2.55757604331104, 1.9884296608082581)	71	0
0.12445266334543703	(2.058646926841556, 6.120413946293761, 3.8668153718104494)	1	3
1.6064198139354768	(9.432239059583617, 7.378803979062878, 0.9763671511332189)	19	3
1.8771215167847837	(2.813713182693778, 1.7398082718850028, 0.24185280505661927)	7	3
1.2854423959653591	(0.0, 0.7465919302372225, 0.009850580542706468)	3	3
0.0051563529268605635	(283.11339331048583, 203.22030365836665, 1059.2458324774627)	1	3
0.27137875865264505	(137.62461542453738, 58.15958486374216, 12.85181095276211)	2	3
0.21470172656980546	(8.025756849986188, 11.28280948604097, 3.041767752293837)	1	3
0.04827168058545794	(270.87384325973557, 158.74596290257023, 240.61144225194482)	2	3
4.699444033482148	(14.197338789034497, 7.855027570718659, 2.6482447199877526)	33	3
2.0305809644307473	(17.490747399706006, 1.7468080483885644, 0.9822606837773302)	20	3
1.15583209663458	(43.45336577683319, 23.35113889942013, 18.948648385924972)	33	3
0.9913940601678828	(125.29797768246712, 147.31074053057446, 19.615996774278656)	4	3
0.013872333016479388	(37.33176550066902, 50.227825485192284, 36.74816969122796)	1	3
1.3767318325485565	(10.542421708040385, 3.3326106914585605, 12.686597140471783)	18	3
0.2768064282954583	(9.42737619358836, 5.78871570760705, 3.2462163950106215)	5	3
6.5092397319805	(8.482870818335002, 9.233860073305658, 1.3335196868896388)	66	3
0.011741361930035055	(5.406357009857301, 24.538634382877664, 73.30278487551664)	1	3
0.27308311832894105	(4.96383738075429, 27.958124650101446, 9.743060722928126)	3	3
0.011435976119855695	(23.073981237263464, 2.2684372151111285, 17.58172993159621)	1	3
0.6124782501298767	(5.172672546014658, 6.469122191678887, 4.2883804014583715)	9	3
1.221427164655498	(0.003378496680043466, 0.09308180523499182, 0.14544032067967472)	8	3
1.7262896952665865	(0.15627254490205206, 0.2405059060807969, 0.01384646048077649)	9	3
0.05695515190018341	(6.498262964815109, 4.2243893129065775, 1.7133728350421986)	2	3
0.26140715901556144	(10.676469656334374, 1.9438417015125364, 4.173897374230046)	6	3
1.3456100322130833	(4.896193189055578, 3.732086260966056, 18.470242679354108)	6	3
0.014174480398651212	(106.30871929642251, 19.041977094223025, 17.837374107305582)	1	3
0.03154204157181084	(36.46029091806708, 67.6034145278014, 124.87795344099465)	3	3
2.066713526055187	(2.1928186243812013, 2.7229492529727457, 2.0387422905159296)	9	3
1.906610839119034	(1.4276950985272225, 0.6054559740877776, 15.610799584748168)	24	3
0.2801801483610915	(2.2140395197702207, 1.7960854724766988, 1.1414886113755023)	1	3
0.04117460548877716	(0.0, 0.0, 0.0)	1	3
6.014877747942852	(1.0666811235711164, 3.2768271421234982, 5.672601068614794)	27	3
0.3910131441977519	(1.161123743999656, 2.820754561873284, 1.3940936335788177)	1	3
1.9471046324107095	(8.943622174924823, 5.145480366281421, 6.944648907266313)	9	3
6.495788801229376	(3.569279909803046, 2.364923963967092, 0.8812107405365222)	68	3
3.066778123206956	(4.3407756526070225, 11.672740621662008, 22.5652831152464)	22	3
1.5795334828304841	(1.453613983241423, 0.06036268962511367, 0.35335455704760793)	14	3
2.7016391856176765	(0.26973342596721456, 1.162419630353436, 0.4939992009759179)	25	3
0.5413054913897213	(0.4469127597925311, 0.04614421432394944, 0.1746085662466635)	2	3
0.1158529540462041	(3.3910274300135126, 2.546251577383693, 2.046165971579557)	4	3
4.671093367420026	(3.861907813714041, 1.3028117303991038, 2.5133591398964095)	39	3
17.641532415564228	(0.1859213432285501, 0.4280319158400544, 1.362401048560503)	44	3
4.998831067669418	(2.0464519393093443, 16.1368410685045, 15.069510893191898)	29	3
1.3947977193749452	(44.09765515087708, 9.391148353317734, 16.40337226116181)	12	3
6.178529444635412	(12.092201063128458, 10.610564986695241, 3.9745942860760652)	129	3
2.186823856902678	(4.396488497590534, 8.578937098609563, 3.5235758444046636)	15	3
1.416082610483231	(8.432371209716672, 6.727514396962289, 3.7646235727455197)	12	3
3.294744670564911	(10.30118834749143, 29.53847838550524, 17.36297726673983)	18	3
123.47616664527919	(2.9028361278381145, 1.4195446690076057, 2.601959261817563)	74	0
1.7147759609584126	(2.440924728071738, 1.735001575321207, 1.6739543539584307)	14	3
0.3559867942658457	(0.3125098093756865, 13.514749875255257, 2.819915763163518)	1	3
3.48362842600476	(13.659479411322094, 15.163723485917945, 6.623786641560346)	45	3
79.27602514047538	(1.4820482159174257, 1.7802751777714587, 1.4003552169768578)	45	0
2.9034096571712555	(20.5594594680917, 8.008537985712652, 15.328251239536865)	15	3
5.97710882897611	(12.746083938170571, 10.73762828065649, 3.39803158266486)	43	3
6.594495991430457	(12.572419519959345, 12.170469123536675, 10.117185401583114)	43	3
6.778322886049807	(15.419987794662987, 23.897041002756197, 5.942866997120362)	33	3
7.544751584485204	(3.9372272624795905, 16.75835870978596, 10.226846921347109)	67	3
6.101334792986601	(6.925356232513412, 4.677472107287983, 9.498276841848716)	59	3
13.125351774582251	(6.13735838789917, 2.654772641823179, 9.417789355259668)	67	3
0.03156823883182369	(29.40508900696106, 19.861275379858053, 28.74990295153017)	1	3
40.65339421031465	(2.515170386445553, 0.3502970458753698, 2.2359980754344395)	26	0
4.085601006712517	(16.803493502569047, 25.380760410259246, 17.150489940055106)	46	3
28.831842633158487	(10.716003933870416, 3.7850060054634773, 1.7120827859109473)	204	3
109.5062897264183	(9.386567786446786, 6.328038509964411, 2.5198011745207634)	572	3
136.10389342442986	(1.7190724237495671, 7.225711229241194, 3.1231564668537004)	324	0
7.854951158850832	(9.70678370195111, 11.897537897913418, 4.271197882720551)	64	3
2.4917990303339557	(9.170484594769064, 8.993068291072865, 8.943291328300853)	25	3
6.253472244938667	(8.917081854116866, 7.316381673582382, 14.03509528103459)	47	3
2.3533642118066083	(53.58069686261402, 1.368723492506436, 6.009921887834342)	17	3
0.3079987955963493	(2.6498882381764974, 1.448930690444865, 1.0945714831517854)	7	3
4.36121063443103	(11.39972609223264, 3.748350484391258, 3.3464847173015646)	26	3
1.7715961857075195	(3.2609800464508876, 12.196358600023169, 10.204548719776067)	37	3
12.57730139812083	(7.201055767665018, 10.314293632079076, 9.530034314474168)	172	3
239.9569942331554	(2.0425871320676854, 1.143005110965061, 9.78101187461394)	485	1
109.61503262902791	(10.10442945975751, 8.208525249154242, 4.8301243229254665)	362	3
24.794630937446733	(5.2863607395201315, 7.031216181113833, 3.4200033638001788)	40	0
4.329025373233534	(1.7752110647172084, 1.2007129540548738, 1.0164190386774858)	47	3
1.4386538935117006	(54.45222250065383, 45.18457943234859, 4.996452952816366)	56	3
11.954642226863541	(4.180024558213355, 2.3644152730965926, 7.685250791264549)	35	0
9.557821894207828	(8.256577749679666, 6.234767430387001, 2.4518261791266496)	66	3
0.7716590778938743	(10.355381409860327, 26.322115140075628, 9.15748665411518)	7	3
1.3691775666203156	(3.5102984338738756, 28.14606327930857, 24.07944880250875)	5	3
5.88700234291846	(10.026273472544288, 7.714798763909292, 10.66247528410656)	69	3
12.832553702609678	(3.989760442296821, 1.3268822846944857, 2.795486170178345)	53	3
5.205812082947729	(6.815554957121317, 4.0012375110293705, 4.580413692800036)	47	3
78.02610717484481	(8.515986105205714, 12.088079637347393, 0.7710166365985696)	58	0
64.57726166307836	(5.173368005096587, 3.5875966483876813, 1.0029216453243377)	64	0
0.42575724133922127	(18.030683882859766, 423.47973736207604, 84.67030933946454)	4	3
0.8120126506362719	(1.1111392956028396, 2.7017941447058718, 0.5994118473384)	9	3
0.4108345044132875	(1.2632730311197917, 1.914605637317648, 2.7611379081240606)	4	3
0.35579728310640724	(5.462295647130119, 10.871536272572776, 4.488400275639832)	2	3
3.108356211105597	(2.299461041153793, 9.191781226247441, 3.505400792428016)	11	3
0.7679361396860835	(15.724958139993664, 100.14048057054157, 13.075780722645275)	9	3
6.136114625655235	(20.45774729842981, 15.660515176203207, 7.167811381191505)	64	3
3.4760549910331866	(23.499880165709232, 14.121749141081239, 12.495733899322044)	27	3
2.620537412694248	(21.54174093174067, 14.158440800278955, 11.326486297228625)	47	3
45.12456868352238	(1.7582965106746158, 1.3761253314220476, 0.23956158400242678)	74	0
15.474507901632794	(1.5044534799403866, 1.249580151892561, 1.5196099292148515)	36	0
0.012092328146536602	(212.01995108582014, 197.77493210563355, 308.1606779591593)	1	3
0.07225471426537372	(1.0279000959097369, 1.0550756512921597, 1.0279000959097362)	2	3
0.47814883611067116	(9.272032224696765, 4.960562298913769, 5.711836667188906)	7	3
1.0609803277303689	(47.06397122255324, 84.77676704167362, 8.28709497294831)	15	3
4.393893507525084	(6.541669059745269, 8.044125937858785, 0.7926187721102932)	30	3
5.131167505516218	(6.438740320966285, 2.7138988131267374, 15.729985150046273)	53	3
0.9840373251935285	(9.825344695159046, 6.846653501694782, 61.38763543410225)	10	3
0.9657224613682123	(6.234402755880257, 3.7890767498818225, 1.008828569008245)	31	3
0.46721314697719746	(5.399519692690919, 2.8497170169248127, 3.856174517885674)	2	3
2.8832846128006326	(0.4302797367457673, 0.1802554167700802, 0.9305608910811504)	21	3
0.006570454774191603	(18.755360104642424, 9.418028980387932, 5.3818436679943105)	1	3
0.6321163018245302	(1.388467282529175, 4.250133974499714, 0.6399905261380016)	4	3
5.860546143489783	(0.973382878103329, 5.727423146452304, 0.5343509952641652)	62	3
1.5253306334071652	(3.7064249491617183, 6.597732745906838, 0.46050367676102827)	3	3
0.10491131906066904	(3.71561684723179, 1.7350310992213278, 0.7073353598557355)	3	3
0.19148797952159233	(8.618746332807003, 15.386411645149225, 5.906255021291093)	2	3
3.3919450957861503	(2.115552989633228, 1.7489968560808389, 4.7307577336483675)	30	3
3.990863304913515	(12.199360097688018, 10.726653986489286, 10.125090232896435)	42	3
3.6883954032231308	(5.350374424557309, 2.608113483122412, 9.245359941712616)	21	3
0.9454724605665473	(2.003939307635073, 0.9410727784231218, 4.087157070715679)	8	3
1.0421414187367384	(1.7330207751862212, 1.0017492819409948, 1.7557776921444193)	12	3
0.8428464574057708	(0.0, 1.9517294869983264, 7.8069179479933055)	3	3
0.018617991416249424	(66.91682282216232, 500.6059057886994, 554.700010480561)	1	3
0.1946850002859719	(22.05724464026527, 340.60164870389883, 116.62268660536178)	4	3
11.156636055527189	(11.273870200909574, 8.092274736171833, 11.546114864009496)	133	3
42.23522552102616	(1.4968377200881826, 7.666818034329501, 5.707850071813956)	87	2
7.716436855317435	(12.682697683121086, 4.061478733486228, 5.177306329648881)	85	3
10.045619693717786	(15.540059157700378, 15.924465605924684, 9.765306064036563)	83	3
8.017829646381898	(17.640798666877068, 3.3694869497019955, 2.690577781456504)	68	3
7.086333936481784	(3.6345374425002674, 10.63897003638662, 2.9126922077982225)	44	3
3.4224501273807455	(16.81741520212491, 30.334223665372438, 10.076422143506047)	21	3
5.445411757168392	(6.047735507055293, 6.39021194481023, 14.568504687184781)	52	3
24.681259173218727	(1.5315325945089517, 1.5574941112229725, 1.6838107388803356)	74	0
5.801899561214829	(6.401713058222563, 7.757440408190093, 5.006944669730963)	67	3
42.9345344935041	(7.974923614405412, 6.813209163811306, 4.827417335288445)	128	2
74.92460538821436	(7.669589275198522, 8.000334398336006, 4.30626238762481)	619	2
32.99671334781484	(7.2388550022254075, 7.497288480091407, 5.326676573544304)	362	3
20.58465564300105	(7.758419048491508, 7.396224539505227, 6.920551529127208)	168	3
10.456372662979733	(5.46675644839867, 6.943418609770266, 5.747222833871969)	83	3
39.71546356063799	(6.21690628829141, 4.426824737344405, 1.7052439839017275)	107	2
66.1171474928947	(5.4847319531728775, 3.7893395068479494, 2.7051227940119698)	44	2
5.507898516002314	(6.668334809747225, 11.036826993112587, 11.583359973968832)	74	3
59.487955210476414	(9.045252263246319, 6.204302390453786, 3.2097906328656642)	327	3
101.96361757663695	(7.370160625499537, 5.10279763117099, 4.67339776209772)	651	3
301.00957231734895	(5.734053538108123, 6.7128525787895414, 5.497293437360046)	1577	3
408.8894551703995	(7.078871971786659, 6.7603516963332835, 8.198624076734891)	1985	3
224.48870425862722	(5.4434553839960405, 7.790570425455826, 2.1276065191452393)	646	0
65.80885294129416	(9.43315102830272, 3.2068451677358305, 2.9672228241640264)	180	2
29.30539062208472	(4.262505774649832, 6.092960400116826, 1.6561766764421226)	68	2
0.10091874988393101	(120.3449195426819, 535.2370770996262, 267.6141378028666)	2	3
11.879080536927505	(0.8563783130774382, 4.2401925606683815, 1.2654136152098794)	19	3
109.02049442474559	(5.0268728912951826, 1.4752651448714715, 2.047001500222187)	60	0
91.14835439108936	(9.06186196541031, 8.88498474632784, 4.6700493780593995)	260	2
850.792467168481	(6.122142591310093, 5.237389372487506, 8.138703958361393)	3352	2
8680.874615872115	(5.62180567846147, 3.804926948871275, 5.437824077776508)	37476	1
6217.965457861827	(3.895008714933886, 5.070157321225649, 5.932620101655858)	28117	1
175.77213624436487	(8.160096907951889, 8.216837045653332, 5.3689275596918415)	980	2
33.743903031945145	(7.010273273851976, 9.26225201528681, 7.134152448645697)	369	3
6.129963907277173	(44.85729162046373, 17.13683940169486, 12.256373308440244)	42	3
1.4091369507298186	(14.716914386810128, 14.574448897635873, 34.134472977935154)	14	3
13.258852674065276	(2.701023446664018, 5.669370957847603, 0.5299294873296186)	73	3
6.927183547254292	(11.06639721980749, 10.034707715843929, 19.153788157978287)	84	3
60.46580977788026	(5.704059718115012, 8.830841169317024, 7.3848538963978045)	424	0
304.11739518779314	(6.451559132711749, 6.995594139059597, 5.226253046171121)	1337	0
10215.816814108193	(4.429623789845507, 3.99931881953367, 5.436599417281738)	42305	0
10039.090209423237	(3.2017518982284097, 3.156487780711275, 5.502616010517148)	43670	3
312.30569886554133	(8.175866524693559, 4.409375867277825, 7.506362018509081)	1317	0
34.87767293289299	(6.409249186263444, 5.219708810353225, 7.117527984292741)	324	3
9.77185306950041	(16.87708778261489, 18.364224634394052, 14.012232917250953)	105	3
2.211707641581891	(23.81344360025842, 20.225818992705932, 29.482907845192614)	73	3
6.4598577952470055	(2.263651718612523, 14.960037416979683, 5.795410727169231)	24	3
6.835057148986947	(9.080906703338146, 15.315806166228501, 2.5484136422189625)	50	3
55.2809212752121	(5.928305471119275, 6.522959143184596, 8.448483019377544)	176	0
41.03649291359389	(8.869977453898942, 9.677248714390796, 6.889038086026116)	355	3
390.01295090514253	(6.03283693373807, 6.9967221181646515, 3.5853733261012506)	2204	2
362.7713350085884	(9.105494108254819, 7.503181555568913, 4.892003097907777)	2231	3
112.21701748601569	(5.64779870373388, 6.803038304389265, 5.119031350831009)	620	2
22.232298976689645	(4.51875679565841, 10.282566779087364, 7.858904999679685)	246	3
2.986055137368224	(36.75430198410884, 55.58290748491774, 11.75020407602589)	30	3
10.315827451090037	(4.117877259358839, 17.899664013218693, 3.0461694210088996)	103	3
1.611662052858002	(31.510010027385604, 10.745405731145114, 9.34760601706597)	9	3
4.291003768622315	(7.711634676814521, 9.47374311291592, 8.058755522261919)	33	3
4.500377995248047	(33.227117736452456, 18.86986020088216, 7.351847396049255)	57	3
15.86920435230571	(10.057066081958197, 10.656423339430072, 9.271269936488501)	147	3
48.79191604929671	(9.448337933641644, 7.234449749939746, 7.70967667747019)	356	3
60.10438170161743	(8.825295831733788, 8.35712673683481, 6.061009851836246)	462	2
31.896824322105992	(5.782058280395128, 4.883551667195233, 8.788863241968356)	143	2
15.348032106676188	(9.24522983027028, 10.00497904728332, 9.403174626780935)	168	3
4.745741644667028	(26.4477238584335, 14.062175856297499, 15.891975643830683)	47	3
0.33352990418825357	(80.33310057405998, 81.2323689669797, 73.81737134755657)	5	3
0.08188149644956866	(1361.069789187983, 429.12587020334263, 1349.7187313092224)	1	3
0.8178172145428902	(7.877048805945029, 10.881011173752682, 10.19411177102115)	17	3
1.8128339564849942	(8.418508201630958, 7.985502228008949, 11.356875411509256)	25	3
5.109936918315867	(5.233104649713668, 15.808850897824287, 10.43470085529256)	28	3
4.82248017527897	(30.47998167379459, 54.119735114357326, 46.03553054791322)	63	3
11.437179764953369	(5.6923109275206905, 8.69643133500562, 5.227015117457524)	227	3
2.7693471544025496	(5.58238601672297, 4.633114892544565, 5.5788574968647255)	32	3
1.930432509961479	(8.562976875497469, 9.852720328324827, 7.54717661419785)	21	3
0.03242838790174574	(137.35062238958426, 160.93918247205144, 340.12067758972375)	1	3
0.1684487271195394	(41.606731470523556, 303.9614777880115, 33.27225038070057)	2	3
0.06550697823149676	(21.518047410291068, 17.359375070431906, 7.915293525474604)	2	3
0.05821752792689949	(16.64590857576619, 5.520236515095649, 0.9723697126580285)	2	3
0.6507215458671229	(4.690794802951719, 6.303589844052697, 2.2388525464835185)	3	3
2.7230638096776003	(11.302028535007139, 6.940550965306692, 16.37565958803628)	36	3
2.3112764071100202	(13.100131393767773, 14.76662478540289, 6.639948306940691)	19	3
3.337660690893486	(89.0086148590812, 57.14872622522916, 74.10685027847502)	40	3
2.5487381605737807	(15.912895803237733, 9.039783650540308, 8.848405934730936)	31	3
6.449975180809719	(2.2702213693453475, 2.9981176432760708, 1.797625673292057)	55	3
9.412668382471612	(3.406299734506919, 0.5722951521829536, 0.06259398846658036)	18	3
4.36604090691263	(0.4184733635355056, 0.11803707161192055, 0.00855956445650138)	16	3
2.025867661954055	(4.201432188772553, 2.672109560984603, 2.119964487486961)	8	3
53.563436718849104	(1.2121859205055292, 8.107720850216396, 1.0227122435635658)	87	2
16.339393474156775	(9.679984254649353, 1.445068105918002, 7.620586284595851)	52	3
1.2343844431363091	(3.255913577536829, 2.70979286529229, 12.641388054137543)	12	3
1.3151331515204545	(28.538700307595082, 16.44935242352954, 8.12834775043507)	19	3
1.0703497495439147	(8.801755807337685, 6.453253911464455, 4.76902857147816)	10	3
2.324743648908217	(7.793603014132198, 8.875047958261092, 9.587951132911366)	27	3
0.6433654192945149	(0.5145527618526254, 0.08891156597235336, 0.1470629048894075)	2	3
0.002864173293346539	(338.18119303041334, 2145.6892414881027, 1477.2833226272126)	1	3
1.077972183769071	(1.6431697219101604, 3.2315052329853535, 2.6123273337882877)	6	3
3.645997279273576	(8.542908915982593, 6.207933732384139, 6.657323461270712)	31	3
16.174505441299797	(12.530967432321575, 10.44209634792994, 10.501791324540298)	96	2
29.35048448771589	(4.94599519472533, 5.277376399988033, 10.518570105552849)	225	3
31.568792969328783	(10.374302568544023, 3.8335897611506664, 9.862645417468224)	82	0
7.176295912949515	(9.25790320117226, 8.697888527505494, 18.328993005089643)	83	3
4.177236804109587	(8.958342704369768, 14.023402013029363, 21.82750801514849)	22	3
0.07102063513593748	(17.788352709285984, 12.158121187884616, 23.161190164457103)	3	3
1.3369514082933152	(5.395460651466553, 7.028481252623091, 10.200901547133471)	34	3
3.3042492281529676	(6.555784645282957, 21.728496920100007, 2.76093548760724)	21	3
17.470082814385435	(10.235043504949804, 9.570699585882442, 9.014746006308282)	80	3
23.009593343182257	(5.4306237078938375, 8.032945924823695, 10.273975488083268)	286	3
126.43988174640502	(2.68368336185386, 8.083897503757433, 11.889252790760338)	512	3
159.59332118883304	(3.191065471205127, 9.498494423935895, 3.005583313344722)	188	0
17.33618591947191	(16.225878525619706, 28.49417547141793, 14.68109200360865)	112	3
7.5829012566069345	(6.246061540657721, 11.69742782768605, 9.883578363677362)	32	3
4.636996143898632	(15.509785957537547, 6.399315681124238, 3.6802941135499294)	38	3
1.7461174847491676	(0.22679446697899577, 0.43029624290453494, 2.2354504576861416)	17	3
1.497264158450098	(10.336599307062054, 13.64526064855609, 23.205917678250664)	13	3
4.195883089055933	(10.612710474163293, 10.908417187059117, 8.07144159165312)	28	3
7.5465797860634565	(9.847687377776035, 12.423422544152576, 5.161603028893254)	57	3
44.5726677772287	(8.549603283888182, 10.877759750276809, 10.043083531590632)	423	3
491.9155361611556	(8.428729936900456, 4.915044852456543, 5.539706365246085)	1199	0
253.92742654758666	(6.7230592650561976, 9.55222592050787, 11.213635870976672)	1151	2
165.84799770706448	(3.658478827336384, 2.876435126036006, 2.6932914557874295)	304	2
19.580775786266173	(5.410878323089343, 7.641671661459601, 3.7801072276073113)	154	3
5.443501726365459	(4.043563699767446, 5.572483839055401, 6.05654741777207)	28	3
0.4369461244584105	(1.0369655193571015, 1.8985030756936196, 4.712644638938593)	19	3
3.6062231202663964	(6.955678727694719, 2.3105189800093604, 7.583342159389041)	14	3
2.7075631755490996	(5.958402634160124, 5.791581415613044, 6.8701776930325344)	16	3
30.297230429065323	(10.759028533389372, 8.337247907763729, 4.367971219546232)	162	3
252.98336401510545	(6.396662538153032, 9.505648496536605, 8.587540960017172)	1724	3
2734.982249570667	(5.890416861738983, 6.657071975683845, 4.38652220608405)	12473	2
3221.382604261137	(4.484773340715839, 5.81379792710904, 6.938986079079629)	14623	2
136.46212051587577	(10.495207793244015, 7.846278532449247, 6.276017295175316)	980	3
42.7302214342983	(9.3450864045909, 5.9471812487166265, 7.3021475401604485)	287	3
10.095496330138815	(7.5043906317442985, 6.968310300072184, 2.176683575213646)	61	3
0.17335082195495488	(32.12978275144704, 12.358987272400958, 14.919909927516187)	1	3
16.38971430530676	(9.965025778956681, 3.1837135241779655, 7.209701627276497)	154	3
22.090149767036873	(10.516290836508494, 8.180497293591271, 8.789859485121191)	127	0
107.02033263334135	(11.476612719338084, 2.239298562539156, 4.479668549619729)	275	0
242.59080467932134	(8.906417912423096, 6.996120380263713, 4.065271990205182)	1491	3
2678.6408291138196	(6.240765370296892, 7.65713354786503, 9.300654890668728)	9743	0
2788.286187188021	(6.146410370901894, 6.663246309962259, 5.662395471808133)	9491	2
106.31689600602931	(5.368453135756973, 8.121503126845035, 7.424456381755034)	872	3
15.163775513689254	(12.937091241719898, 8.660247903355401, 6.650921121980623)	230	3
6.076776426331286	(2.2301736545575457, 3.6479618177704762, 5.0638236917116295)	111	3
1.4053238578997114	(12.926674611252148, 24.436623173919678, 12.764479434434195)	18	3
1.677252704894904	(6.7232221765610145, 1.8998099620691637, 7.240384670744801)	6	3
8.527956772350766	(6.887472794197936, 12.84838726708617, 12.605859582062568)	106	3
17.88585838256245	(10.478971118285054, 14.80229885758575, 21.284542517734266)	90	3
87.43746635347742	(10.922500991736213, 7.315653574333729, 5.078710884387959)	524	3
655.3140869278888	(4.735469967941971, 8.20775397013132, 6.304157544799484)	1739	0
203.67965923883676	(8.181740452206865, 5.999959507880551, 4.901651327274864)	1333	3
132.84048754591444	(6.266633041397574, 9.05017515740998, 6.594904753191588)	539	3
101.5574708081471	(7.86800321187205, 9.55949871396601, 4.488919720030927)	215	0
11.972044601781912	(4.9272553945746465, 6.595959653459814, 1.2236607012125311)	19	2
1.4706566190409536	(7.949714800324714, 1.6818032277119426, 11.727924422366732)	11	3
6.560823885413205	(10.713579376496384, 8.827599830757904, 9.961678220803224)	56	3
5.640802474241642	(6.3651028398278475, 10.962649476330549, 3.287310973848821)	55	3
59.32468460792563	(6.146343170009524, 9.68313631199051, 6.1493142961379945)	215	2
152.91540390107025	(3.433437245027387, 3.9529004657210414, 2.443574023451632)	335	2
85.92718135955023	(7.863136387997943, 10.604199264355513, 2.2908742610054014)	347	0
181.21637400422165	(3.9649597130794056, 11.362367154061772, 2.9728688870264897)	393	2
9.665797456612799	(6.996133006383001, 4.232093836270359, 7.387500196453926)	41	3
56.59199130484507	(4.522677107661739, 5.664831961891831, 0.8153601862222102)	39	2
0.06963970741162484	(510.4448210040617, 59.169300139983726, 13.101879272148654)	3	3
0.7177398950258982	(2.393793235336089, 1.5471321842214296, 7.034023147022305)	41	3
3.1517893476877963	(11.09641432686329, 6.978400416865528, 9.233584776295137)	29	3
8.591720242081701	(15.924970750546267, 10.039707502793835, 2.02752800663044)	33	2
51.3996229731795	(6.707026763734991, 8.120205917249972, 2.558028147265438)	113	3
9.14975632976894	(14.532154615120632, 25.184180139200212, 7.076209511913296)	85	3
20.514612252743735	(6.750155844397546, 12.833688820774004, 8.14834463093263)	200	3
3.9753068733356036	(14.197277992584032, 10.82809187496328, 8.951543143156965)	74	3
8.800251208254377	(11.918414412553162, 8.880860192911321, 10.062673982016342)	47	3
1.9249836856341127	(15.000533964932993, 7.641907898079187, 5.097656298336916)	14	3
0.1631293243081018	(5.590270784233634, 12.42035619698843, 0.2893375545939937)	4	3
0.5820478505596436	(0.43787936299249886, 0.2947650251630619, 0.5527315188763914)	2	3
4.568061885573811	(0.7872214262591246, 5.643629886022665, 0.37505723400559915)	57	3
29.21204093230386	(5.684028319582307, 3.0166926539509, 1.552108371118824)	135	2
6.267662832444965	(17.37949050208771, 7.785566995164678, 7.197165564899775)	43	3
4.550615961223166	(6.3544960140875615, 9.593967535670716, 4.197837569969391)	32	3
2.0049757178950847	(21.45930265185215, 3.681923488686868, 19.67030470645169)	21	3
2.4401234274069976	(13.42603402948019, 11.688314516018684, 9.420810305210875)	19	3
5.639995305352112	(9.93463965452166, 4.851598994540671, 2.7129643840951654)	26	3
38.42602308694343	(1.6398484559878308, 0.9905980994809716, 2.9059093386942263)	89	0
0.18764078550339036	(0.7782176780389521, 2.6464684397561222, 3.389505340573831)	2	3
0.0658167710826092	(3.7616946896722325, 0.9404236724180581, 0.23510591810451453)	2	3
4.052549650278889	(9.939254562504868, 5.333309245287103, 4.254040326600539)	66	3
1.7810756491052067	(21.07675520004968, 12.622007969442313, 21.636138007697028)	7	3
42.03910539012907	(0.6967400175084564, 2.497980199485793, 2.23588357350457)	18	2
0.08817727842700532	(75.82674963344574, 87.13279218419137, 8.08995989849044)	6	3
7.747509190587329	(12.800798488849955, 12.71873457648626, 5.029050459019206)	74	3
3.835902452707586	(0.330710228448786, 0.14997364167247357, 0.24108007320895788)	21	3
0.07072878615508671	(17.01289027425661, 34.29399861538485, 27.82366818246306)	3	3
6.239012988504284	(25.414335461031467, 16.6282181764023, 20.59391811457813)	45	3
127.17452224111075	(2.3085928570282057, 3.0572502710130545, 1.2968929483650735)	117	0
90.79491095301346	(1.7408660151136957, 8.828509397425536, 4.8555782976554624)	129	2
12.376099289731616	(13.585684476084966, 8.228796044616614, 11.849019075483074)	62	3
8.650856280139466	(7.829971357649142, 6.163734374418095, 5.71736600502304)	82	3
0.13182131621579174	(10.252703607592395, 56.30009573338371, 66.82529150163865)	1	3
3.979126190367829	(31.21595834089831, 16.85518045218117, 7.734415214784584)	41	3
0.6341077626439073	(41.22777231569093, 29.331674760384555, 8.48661926509834)	2	3
4.710248884468386	(10.303397297238302, 8.737519524432876, 15.115861096892095)	40	3
10.2903232207283	(11.038211347899384, 7.721665068757209, 8.563472943644623)	72	3
18.21984450141372	(6.9315144512716556, 7.964774915488777, 4.6323914270443804)	160	3
211.682564762668	(3.4722060056101296, 6.8641317405773865, 2.741720468708554)	229	0
214.9009553944516	(3.1256238095743463, 4.283775843724589, 14.773034914917675)	148	0
106.83003837274101	(6.156943403607688, 4.512008206742809, 8.180311596963412)	292	2
21.05414982321408	(11.087710405246899, 8.284745120821558, 11.843523897955116)	107	3
37.19368779883577	(6.094732484626893, 5.758607693053529, 3.6537728840954276)	265	0
5.289054271456001	(7.729815472692354, 15.561469454086563, 6.982971553036201)	36	3
35.61406539015898	(2.246078953968393, 2.4562414699924986, 5.828838995804459)	30	3
1.9101241089092693	(6.253730929262717, 5.946719116911715, 6.441568168649805)	8	3
4.225312758665417	(30.154151982430133, 12.568240858584893, 25.998867291394127)	28	3
4.182933335505361	(7.3432596924293945, 11.09619588272558, 8.173245220534302)	30	3
20.039024705059802	(11.177017492719465, 11.678463801131624, 8.55266042085477)	126	3
246.28608765606737	(7.46644025254781, 9.235775149917478, 9.276219566689658)	871	3
1763.6708511794154	(5.737924505334677, 4.086794772179265, 4.010104590841942)	6754	2
92.31881407571167	(5.509199730690651, 5.906025597080111, 4.700667621045297)	599	3
61.87120532013379	(3.7169523517263223, 3.8364564344007936, 2.0977862099720173)	367	3
5.643044311943471	(10.101522377916876, 10.112422779548837, 6.095044305406135)	34	3
1.4489381241588464	(3.3662489117284533, 3.1646808025578537, 7.236394786512933)	15	3
0.5152088148441741	(3.8871238179442424, 25.697152952800838, 24.267832083094692)	3	3
0.06844382769645563	(31.79196404344687, 287.76992941747676, 47.594828093611824)	4	3
5.855960240042597	(19.819960233369308, 8.909619817717266, 22.258249518129176)	36	3
26.40278658266906	(5.957166035751485, 7.529433811511188, 5.725900372310883)	201	3
140.9456805008224	(9.587173114179864, 9.879587446779786, 3.401324524684018)	708	3
236.2644912757218	(9.393130235702163, 11.025818461671273, 7.828626544298468)	1027	2
238.1259406727603	(10.274983119570507, 6.946947991283577, 8.864831146736305)	737	2
55.95824018459499	(5.429429085959876, 3.840279442526948, 12.138247419522518)	284	3
4.0559353625240915	(26.829236920635804, 19.730989123770744, 25.218959959579756)	23	3
1.9620667949001125	(71.73175679400788, 50.871505079725594, 82.20450917137045)	4	3
3.7135835598036437	(8.648802069399258, 2.6740335637540955, 7.593984758687634)	24	3
16.335906156865928	(6.189031473068272, 8.243893678983953, 6.717182280629133)	174	3
46.431242232958255	(5.708962579105179, 7.050138733901235, 6.619432974882839)	203	2
491.20202667416856	(8.23854316386121, 5.924898830344207, 6.325940088776849)	1295	2
402.12240913357414	(6.81708319200073, 9.957874883985477, 6.205113004736276)	1369	3
207.96227954631743	(4.0799374828397, 2.5878682192359777, 6.423434562064678)	443	0
3.0491228842675357	(7.410764976746546, 4.269696895651533, 7.654396249200789)	75	3
0.08866920110813226	(43.887514864547555, 40.674447138837444, 31.47944029642379)	3	3
2.4957415717846234	(9.936529737621218, 9.78452646768874, 5.605917323187289)	105	3
3.3461146650358127	(24.2659364627638, 20.869354333219402, 16.590562832509317)	39	3
47.04323911928758	(3.1929291560549378, 6.979148763928811, 8.516315268073274)	246	3
49.80353203320554	(7.098438545154693, 8.981777078910092, 8.606352381575947)	201	2
477.5965203141001	(5.884198211134972, 6.364572923979924, 5.156201224936187)	1280	3
81.11809254865445	(9.674359650253802, 8.138994377221534, 1.839873895503802)	280	3
37.226457456105905	(3.488661863292356, 11.466940518903987, 5.461876537361844)	80	3
4.696379002675329	(6.918526146727791, 11.819112681099881, 3.1794993540164973)	29	3
2.5806843449584846	(17.898053632676767, 5.318043228721477, 5.285754721186813)	17	3
0.884569098963766	(1.7399647149361235, 0.6438983723102415, 0.16502247278531382)	2	3
4.057972357803019	(3.4541398773798155, 17.668973872450593, 45.31446318376038)	31	3
112.47136556046233	(3.7901095275062326, 3.1122822567415094, 1.8271227975327888)	499	3
40.200105818076295	(5.996066433255696, 6.928068068283153, 3.3353066856492917)	91	0
106.34832159247118	(4.802659685804268, 8.95876956089588, 1.568834376366988)	505	3
182.24595704070435	(2.5758916112795163, 4.499008642387084, 3.6011270020931367)	869	3
28.562353205319333	(3.9086872752734156, 8.384191700825792, 3.681181312300042)	161	3
26.501497484870224	(5.875649521045982, 4.51655293938518, 1.392461344204136)	77	2
63.56440760071508	(6.237483510662055, 4.581339095978193, 1.4066618943389564)	290	2
65.58237656761675	(0.9843983401374965, 1.1243224871532256, 4.160198784117489)	66	0
0.21201972381095402	(14.317520435511238, 20.38484803303349, 11.446830091955123)	8	3
11.700592502000392	(9.572664075233876, 10.33631126091861, 4.591104328440659)	41	0
76.58075763896382	(4.680016318363557, 7.287319222162105, 1.6903245015362702)	80	0
16.92828432728678	(8.012708387443766, 5.881565085278717, 2.6326224141947403)	77	3
47.255708763281355	(7.002257094261084, 4.39785992847034, 3.7480834638037552)	282	2
10.354880046317463	(10.576623845594899, 3.845812095358408, 8.226180639241889)	78	3
6.5422435835278145	(22.40447939984599, 11.652176009844224, 13.873075772595568)	121	3
7.281159291787468	(9.11321813678328, 4.386039528981256, 8.037223408385454)	61	3
12.6251970972689	(2.5547522773728932, 2.470135161836058, 4.23243022468867)	32	2
48.42107862973515	(9.366530982439532, 4.459528353550055, 2.9286842088029457)	75	2
8.94007373236379	(2.551321693996628, 4.985605902821005, 0.38729323095889034)	9	2
68.0602968334536	(3.4748893183419067, 8.2676039974173, 1.397518651845198)	27	0
5.005555824974375	(1.0983759253164378, 3.103103370866159, 4.566819616646052)	43	3
2.082429584344604	(8.47559258199153, 1.6854770479932504, 8.881627200957153)	13	3
3.0493768182088727	(2.201101077716746, 8.747922238496184, 14.93334722388128)	21	3
3.1743946043205407	(6.553044141945775, 5.277904264963332, 7.034828084701149)	19	3
5.054611621238127	(57.48253310472531, 6.482367148185306, 2.4637402123763343)	51	3
1.6918009423399365	(16.492560622960777, 32.464918905863584, 4.51456399522393)	9	3
0.7519065012129431	(3.540191028299317, 0.47294633572729994, 0.94520845365706)	2	3
4.124900090159004	(8.594534019335944, 5.272316874312934, 4.959381796603444)	27	3
108.79809272191105	(5.663951787649919, 1.339438633033649, 0.004547453466087433)	29	2
1.747800363841912	(0.9637679065696728, 0.23033445936071786, 0.2506759079193368)	9	3
0.27238467685524126	(3.712902900929073, 7.9680875436945255, 2.878368596257218)	1	3
1.2020881651826456	(2.690638981093885, 6.768065052958246, 1.5803781838227977)	10	3
34.56394825284712	(0.10885228258632398, 2.3156011482629144, 0.8314017520505864)	48	2
1.262580633188918	(6.1451271677919665, 7.503712202608892, 3.2518745307457144)	3	3
1.0084843336772327	(6.6467412095565175, 8.336277544655662, 13.163715298771855)	22	3
4.513524315597351	(0.7156372422869772, 2.8865452738678608, 10.726662473068352)	29	3
1.4081018325569357	(3.145959192040564, 29.771708725285745, 6.8752413617191)	4	3
3.2735690654928296	(29.306736665320788, 14.813938097657683, 9.556103958802835)	19	3
16.78256378887561	(2.074145452548564, 1.221138785979495, 8.560932718232461)	43	2
50.45850630097618	(3.501420455537617, 3.164805992003864, 2.851063455247806)	127	2
43.43354731164462	(12.142100944578697, 8.287166854082828, 10.757977900932168)	283	0
180.2462463928006	(1.8963181247460779, 2.4318860607393664, 3.781722091858154)	249	2
11.228839240946002	(8.928876834738798, 3.908096509493111, 3.6755136057990443)	85	3
5.230577654502281	(0.8582007715226556, 2.5419917528469296, 6.923609316571735)	46	3
1.0217279410345133	(10.793718315431096, 0.830214046103332, 0.30966362757517585)	4	3
0.01810229293187149	(3.23725115174632, 26.991653953494357, 0.0)	1	3
0.9608777907818401	(6.248961146678033, 6.259165166917299, 3.1057918010570162)	3	3
2.1174191758539727	(17.704902441300217, 18.655836228304402, 4.792337228676112)	15	3
37.61452510171778	(6.504277762993423, 6.300278274399133, 1.012165342811626)	156	3
191.9667712459446	(9.931591574638668, 4.273076185483493, 3.95939358091921)	296	0
163.4044332729517	(3.196503326659975, 8.83083994102005, 11.316432907487163)	117	0
55.10881904364165	(7.756937786060867, 9.266825492717775, 4.826151339795447)	190	2
35.97497171163876	(8.917369121601105, 7.934266862350884, 2.8945874463057413)	137	3
5.28720200820025	(12.147282610949256, 3.8954480586495506, 3.1329313989208276)	37	3
22.17724899531888	(4.109305265787468, 2.862406609804879, 1.115927811845528)	59	0
3.482066303619903	(1.1034650106633273, 0.44137337949720645, 2.2604477740992417)	13	3
1.1633350174585662	(12.90405468173758, 16.724868437514946, 3.5117579387475315)	47	3
1.8164781108219037	(12.063829229746016, 22.224218155359303, 9.579349598888626)	18	3
140.07056135452956	(0.3939596440415416, 2.437307706166772, 0.5706818927813521)	94	0
64.10927416860272	(3.7035782450992314, 4.4285788535822705, 6.7773937186248485)	199	0
40.535037551913746	(6.7561381796497315, 6.559296110061603, 1.9175470703525908)	225	2
96.10825344877868	(5.652868285175017, 9.146004561785197, 3.504668753085395)	521	3
14.168517934013831	(10.561960612408186, 15.962423697017948, 7.55725814928538)	84	3
0.6419700086123973	(20.369925970382305, 142.22890240094125, 86.22235921673236)	8	3
2.399239781507645	(4.750033603402056, 9.428179740344026, 3.5906753224836763)	17	3
1.7828937044480324	(3.188708877539541, 4.798650816353605, 6.579763867139544)	19	3
3.153925345575923	(4.403911164146773, 6.389368855915416, 8.531497729542846)	45	3
28.90475059566142	(5.071531973278575, 4.446108964205185, 4.653312116484544)	194	3
445.1506170704651	(3.345782030622462, 1.2728135386917785, 1.8220648179521686)	833	3
324.59111696690326	(1.5957144532103633, 1.651509014471421, 1.835314513508786)	642	3
26.042267035374714	(7.7106305273140245, 8.18262870516223, 6.6371350641697955)	145	3
31.13710591863231	(11.105418365813758, 5.378221630039313, 7.538283522119131)	259	3
46.08004399361039	(4.051344125614218, 3.023901238822945, 0.8770681179421789)	313	3
7.370089896870154	(9.987632125320241, 10.21160273966273, 6.056008129855698)	31	3
2.784369358419216	(3.0858692826248917, 2.0958204779694394, 4.2544594769030635)	18	3
0.6417511188356002	(5.1023328936193195, 11.372339248844641, 2.2382156215971523)	2	3
1.2296518405535264	(15.134696560294406, 100.23302732168075, 58.39222204535199)	11	3
40.608690838158864	(6.337627345604569, 11.375364460708676, 6.929655724850698)	276	3
273.47451989230586	(7.045350017248975, 10.827525990497744, 2.2933309722897746)	350	0
146.53718531639623	(8.065476479302426, 2.843594316585784, 1.0850544210174684)	153	0
95.8426703316787	(12.324150695864464, 6.017641534871805, 4.692130410502467)	119	2
174.00826498623456	(9.684298585676029, 16.466481918249563, 9.70131762875497)	197	2
11.144723349124657	(6.769202886193458, 4.663603592375064, 9.306028443666984)	109	3
0.6887267266167595	(513.8481465993361, 316.9127764066116, 28.010569941637023)	8	3
0.013330862449947745	(3433.947441884798, 78.30769997200777, 1247.193373727133)	1	3
0.011100612115114927	(341.28702496240516, 123.19852399548503, 234.70152927728597)	1	3
0.9368796215985451	(36.72424917857597, 12.583808628914426, 4.715612959280139)	9	3
72.19558389561736	(4.115905161406065, 6.950281786925114, 10.02413788843816)	66	0
295.17075237640773	(13.144559843738028, 6.866423508768051, 4.813796217802596)	386	3
47.900646231217536	(10.675900432715258, 11.341176187418654, 7.172435841157188)	208	0
7.164427071880393	(10.648261325961968, 9.125222772736675, 5.0271314788331924)	58	3
52.23216421964523	(6.789833728296392, 10.799000020843033, 3.6636224589005226)	83	1
47.149479868175916	(1.0635965216356122, 1.5677028337266874, 3.6898507519725787)	27	1
0.9486432121222379	(5.091024715221745, 8.118905920140268, 6.516632819711939)	8	3
0.3029859438393032	(0.18758074997931615, 0.03445360713905807, 0.06125085713610323)	1	3
0.9154872670724366	(3.762335909218087, 5.763945250636849, 4.226545897113534)	8	3
39.28010840158695	(9.088998365087816, 4.051460234516375, 2.352281163341059)	45	2
30.646598482210262	(5.684730482861733, 3.748324343141348, 2.4423128356688673)	115	2
22.88945705651529	(4.124807103461485, 5.16201216096742, 2.529502002890184)	207	3
3.3099656662484067	(10.712183149378653, 5.219781820934934, 4.753669914807686)	68	3
8.109360952438648	(1.58962213442468, 5.926097943306779, 6.542872955752544)	41	3
37.4827700973037	(3.1846498196190285, 9.470630859171992, 1.2861434677381276)	143	2
1.6482220452023384	(1.9226806799610765, 2.9497175437404466, 0.7583724637443896)	8	3
1.0848302852033644	(3.164320671219151, 3.2650608116161646, 1.4194445602303571)	8	3
0.7162184058198962	(0.6184224694641077, 0.31640362717632675, 0.8070115415507801)	3	3
50.894309065639504	(6.792608598494735, 5.2021396844169026, 0.4220524042076028)	145	2
14.286828211581776	(3.2645049021176353, 3.8175192371169833, 0.9248382379558029)	39	2
0.8737103525657797	(15.815564776737554, 8.889399524784599, 10.24711470012975)	9	3
44.00345729280233	(2.811007154565713, 5.488210068115427, 5.554323397702924)	159	2
0.3085874776352284	(15.305397638899066, 442.2164069494042, 8.887930370823277)	1	3
3.2892030585352554	(15.080121742960875, 6.140128287712005, 9.470225413958406)	27	3
11.676718639822122	(6.388212355989635, 11.850810593314014, 3.684257990931775)	158	3
4.380190247145362	(8.818817777798081, 4.728788422768584, 0.9899678645770883)	16	3
8.791211948200925	(2.4264205039803453, 3.922430133305444, 0.888734643067453)	98	3
6.964329497343509	(2.4837894120993766, 3.290470660447524, 3.8616440488015478)	71	3
4.770012241936828	(1.901300857018911, 0.09155391608579093, 1.2846980736844416)	4	2
0.29493741901438086	(122.37774947310524, 48.49215225089753, 279.58371784045124)	3	3
37.12774538670297	(3.953592230428166, 5.433081374954762, 0.8548523679931621)	39	2
13.364159847125354	(0.5316850896881654, 0.7274176885341096, 3.50099618121975)	26	2
1.4878573356809417	(3.509825947220434, 17.20105336698358, 2.28919428872577)	9	3
1.5551024501987998	(32.24591412645281, 7.170712251412879, 6.41836457594976)	10	3
2.7740251070252038	(1.9755389240869188, 1.8598101551710038, 2.091712709113693)	34	3
0.8228105590153153	(78.7732825265882, 1.8634290566076128, 75.57766793132443)	5	3
4.393287984297811	(11.373551128601266, 2.278092450192738, 1.5554567394929102)	21	3
0.48835942340926003	(6.092115948903555, 4.650505450396334, 2.2068287021844615)	5	3
0.052976920816945494	(23.857026604441472, 0.0, 1.4910641627775927)	1	3
55.98232671141828	(0.42927441547547085, 3.070592227695655, 1.084850507272334)	91	2
0.9109901617321157	(1.0988179775593407, 2.811820971276262, 1.2316698169295892)	1	3
0.05044165062099637	(6.289517186686025, 8.149695882184986, 10.318627854864538)	1	3
0.6563899942786109	(1.5290748865499109, 1.7444961336498934, 0.0926588675225866)	4	3
0.01183962423237972	(3925.187144681682, 17800.52292311056, 3723.898005230473)	1	3
0.050767939313800525	(40.70231641701447, 11.28975295230206, 1359.2868118649264)	1	3
0.004961555445333943	(21.12342787985695, 812.5755746595331, 178.36977341205417)	1	3
3.329943901863667	(1.7790315742350074, 1.7224092081825222, 2.151957572353609)	19	3
17.326590694162658	(2.9224771725027208, 9.795547349130514, 0.9202351995906382)	44	2
84.59282366515386	(6.717851053012904, 5.2831625101248365, 2.4680728954637727)	189	2
0.7357033540831925	(17.303975829417475, 4.604726445922411, 3.9722670787243333)	13	3
1.676772851133137	(12.388229753810062, 6.287083730053642, 7.67304437612363)	2	3
1.5008879838678164	(38.048979367740664, 23.182643523842135, 26.66423574717642)	12	3
4.861689080617483	(13.638187960381181, 2.6089609731043866, 8.295302701522322)	28	3
10.085561454225452	(0.6865171087699427, 0.7710975645913258, 0.5447080687445869)	16	3
6.229625366590197	(0.38069473743557924, 0.45906125704257916, 6.978428031046358)	73	3
18.27212868421643	(1.328996084284614, 0.6712101104489439, 1.3623045230845925)	147	3
18.57440164882097	(1.2031600708207453, 2.5031987194135388, 0.8072505458766264)	118	3
3.071507997917226	(9.324694435835783, 11.396523859548148, 10.194911022378482)	17	3
0.5252803146298097	(20.924009528259333, 248.7685391983821, 39.18997369317331)	6	3
4.894032997031791	(7.040864431528442, 6.3018677006997255, 1.3591240754033656)	23	3
8.668104899467027	(7.651230752349566, 3.836907827506087, 9.010941758812685)	50	3
0.3531430491384526	(37.04456840520402, 31.934910758949396, 10.080675436666938)	6	3
0.03994347815751098	(71.39649373610337, 13.260660633694249, 44.07244004382288)	2	3
0.51099891	(25.614303708705314, 2.923978017022591, 0.11024282104360686)	2	3
9.041544511636866	(5.314200817488557, 8.90722005068191, 5.919494118601133)	122	3
60.66883238859794	(2.6129208675592985, 8.17244429836615, 3.9868952896974545)	146	3
5.572388366615129	(5.885296650731345, 5.989993301805488, 10.436348234327395)	43	3
2.646115827165701	(12.093673099653312, 3.6908787939606977, 15.397290749063247)	14	3
6.243005889934241	(4.448017352924798, 5.887682090941076, 1.4022196934509275)	26	3
2.703140052708266	(9.696939933148402, 11.624926475425958, 15.055841418454916)	36	3
1.9357253193387365	(3.3564629780843855, 0.8784138679055538, 3.305690987791767)	5	3
2.8956497331375104	(0.4060883436861529, 4.988812969290082, 0.11824244711360515)	36	3
0.4303648086024623	(0.3310833509322107, 1.0862569349214874, 2.7842683094751512)	1	3
2.327297176515252	(9.498431183833546, 20.00710997520385, 6.327489811027746)	12	3
3.9287619515724606	(1.55965559280102, 8.873197155123409, 6.904097899367616)	44	3
6.569928160114869	(1.2484559437790574, 7.569291830992125, 6.835383160170736)	50	3
36.98176903767978	(6.303438666793846, 7.787031571309782, 6.550014848083169)	146	3
56.300763359026305	(9.027722008212752, 4.498653789717719, 4.629575747077946)	341	3
10.741337274081847	(4.017724635416124, 9.933101822846831, 3.5067657420466376)	113	3
0.5603077657304935	(30.556034010620255, 161.35927101754336, 25.425562334658405)	8	3
1.1107435612483891	(2.385406903701866, 2.819685023109377, 2.7807816645912737)	18	3
2.7424249240034633	(2.73840053335996, 8.297773959153037, 2.7032584316287513)	20	3
151.78561907590276	(0.9077161977884514, 1.264934433630008, 1.832209093271921)	127	0
15.680539023726787	(6.175947959978278, 7.252871064770333, 0.5140755808951774)	74	0
20.38667928616355	(6.335596526355359, 10.999003717949488, 3.0266086589611914)	87	3
4.861317984369849	(8.895650240629289, 16.56527024370727, 7.094404300239113)	46	3
3.575309116350895	(26.78609391867599, 26.014728186088018, 22.180589439103517)	35	3
216.04060642763127	(2.4546416140669796, 1.5085161737674002, 7.115094358293368)	520	2
2.6348984321953473	(17.470132518356383, 10.72689225016421, 21.579203971847644)	16	3
0.016871878993697464	(66.07648004251232, 124.14617467696293, 22.15276720176538)	1	3
0.019901364808902144	(8.059134840345902, 16.939722785967085, 1.4489482496817137)	1	3
3.8600450079648887	(9.717187023172356, 3.1723588512269347, 4.807472789556391)	8	3
1.0154796960859687	(0.25035711606649746, 1.1489719496737714, 1.2201073487081155)	4	3
0.045471911755157635	(62.55637360000113, 33.73653727304464, 15.126748164166768)	2	3
0.7832258180860663	(6.418469728531888, 8.729625177035809, 13.436284159696232)	7	3
2.0573928604552125	(12.879935478622883, 14.673727756337994, 8.892902833100473)	13	3
0.012443339597666636	(5792.625096506366, 513.9102790093875, 2743.750274880158)	1	3
0.36794226272921	(113.68404682693807, 44.57853725480426, 17.712230002986203)	5	3
131.38969454339843	(3.768589775536421, 3.8029061987221637, 8.523172691994406)	71	1
0.42538590782761826	(0.37454609666682004, 0.13501916305736963, 0.0641749918918961)	2	3
0.3090443434353905	(25.388250977818025, 2.9801984890117907, 15.666837119953057)	2	3
0.31358095018675397	(63.72565181429473, 133.10640260952556, 823.9623379384107)	1	3
1.344498728203689	(2.2285354189058566, 18.886579831963513, 4.372206253947376)	1	3
0.3146044898075715	(820.2917122525532, 338.8492635331132, 83.41182444089904)	1	3
0.011813694232841954	(16234.14003684488, 11159.265219168476, 603.8193594976765)	1	3
1.0246807419113442	(0.8659158246859054, 0.619065734524231, 0.1840361843129112)	15	3
0.014068139762457577	(954.7540390364894, 1300.2308866634894, 32.28141006372364)	1	3
4.379755262848469	(0.6113648996951958, 3.1400395395731353, 0.2587141082671537)	19	3
0.25266479657921725	(8.79215053373943, 0.9769056148599368, 19.78233870091372)	3	3
0.001098232256481424	(2781.6849793798187, 9923.852460534452, 1512.7599577333324)	1	3
1.2628094912044514	(3.6745402705772583, 6.738362810304962, 5.017259397412211)	9	3
0.9138211453486338	(0.47112835207869896, 8.027278172650911, 0.10850420669535833)	12	3
1.0783241653470848	(1.21451403791637, 0.8234039719463744, 0.07038134021217456)	8	3
7.184890544058949	(6.40419845585717, 3.2125729131877283, 0.7775890673849799)	56	3
0.549549969340276	(0.0, 0.0, 1.9721522630525295e-31)	3	3
0.17919766735856488	(0.026382102493952796, 0.026382102493952796, 0.0)	3	3
5.779892455179635	(4.650455529117091, 1.5049223409671106, 3.0081626975285514)	23	3
28.97620117927501	(0.21342520627120748, 1.1834435241508587, 0.4208089159187056)	35	2
0.023825375945307314	(0.547620847708415, 5.584382845196146, 2.05810828853275)	2	3
0.02891816159717564	(0.0, 0.0, 0.0)	1	3
0.010699764417950064	(181.77154907563573, 8.468160076550648, 160.580113120056)	1	3
6.381501030659587	(7.7890260681528405, 5.559626858927885, 8.183456845269909)	73	3
56.36784536748194	(0.5154390034045312, 3.490887115389242, 0.5218426638215332)	361	3
0.09387665935173573	(23.61203547540766, 669.3606840984518, 385.11725043220525)	2	3
0.3282323827213658	(0.28061805732399125, 1.5776913050666965, 0.03390395556705604)	4	3
2.3844891644382327	(1.18378766039979, 4.094169333811367, 1.787608905657834)	22	3
156.2993759195953	(0.7116526276316588, 6.046888602711309, 2.011270737580581)	730	3
0.2843797193788383	(2.901115598095583, 1.618438509347817, 1.082970703555121)	4	3
1.7602422202717594	(18.067252459340345, 5.907549631840461, 19.174841844456164)	9	3
4.267528285006113	(1.6396695878856116, 3.2374807652860556, 2.3480788558815497)	46	3
0.20626616066510906	(12.417377586742624, 8.130199017215807, 0.8708486306003614)	2	3
0.6380021539771406	(18.51179987702662, 88.14087269506732, 4.298285610449703)	7	3
1.3543256596468065	(1.1183798338836328, 0.41747093063658347, 1.1257556892280889)	5	3
0.3344312472763608	(0.0, 0.0, 1.2325951644078308e-32)	9	3
1.5188027666604653	(13.221192565231116, 7.516570123488249, 2.0890757414060075)	12	3
25.010378085646014	(1.7709072868289062, 6.2269642810434265, 4.713695478876518)	100	3
0.70047799081379	(2.0971936046900197, 10.468097770084624, 0.8530992251752342)	8	3
4.9227103183492495	(5.078485548833174, 4.463299448713894, 5.200110513060055)	40	3
61.68355112833994	(1.9039432879023106, 1.6743073784648084, 0.8777011743251185)	92	0
14.602102037039973	(4.106414175913595, 7.860543583623704, 8.784230799032695)	84	3
3.4353780715439424	(3.456399150884527, 3.3994873311278435, 8.259055059492056)	37	3
0.8460394952938326	(19.372276055853423, 8.798840136205296, 4.577508712153722)	12	3
1.2003273796277982	(6.332752002510708, 12.35476182570721, 8.395854103718941)	4	3
0.22326139369397424	(2.62205730406244, 11.492367558037826, 1.3949059146110534)	1	3
0.1585753866937333	(41.89548630566344, 117.11815322676222, 22.96535179658579)	5	3
0.5637154265627579	(29.51828898017297, 13.749452225063637, 2.2523164799667166)	9	3
19.22108111033725	(1.514122053305984, 0.7976884981355846, 0.4635666927658171)	40	0
21.343010852220658	(15.0352007760277, 16.409704749952986, 7.807738198296569)	42	0
151.30300240521655	(2.5513596826746223, 4.544412572238317, 1.1977881807861883)	215	0
210.6523566941303	(5.896833982685617, 6.625433794225609, 2.1947659984669254)	445	2
109.96658614342134	(13.83182725170088, 3.686070727345152, 2.9413534437350544)	123	0
4.489668207528334	(1.8301918332090703, 9.29705574133507, 2.0086766641281706)	26	3
0.12155794779937423	(16.252568837131022, 12.861130357784683, 1.9035126000640465)	1	3
2.049386106630649	(0.5491078055858163, 2.1431064612198623, 0.5065976391206772)	10	3
6.761568732999352	(15.675320508295144, 8.205613747922468, 25.352537141570426)	73	3
16.021948981238953	(6.491153638418904, 10.50971557621613, 4.268098728166527)	70	3
66.06301164861985	(2.6959107458573, 1.826141549326815, 0.6410839488333926)	70	0
625.6839453365938	(6.859015651921357, 5.6005922403894, 2.5139904943940294)	1039	2
346.85186413405603	(6.277954629977305, 4.018542613149132, 1.0710572307033608)	1322	0
120.91743705401093	(2.9299455950449795, 4.203034615601538, 0.5862966700509432)	156	0
1.1609877671264242	(0.3984587244074321, 1.379837308632778, 0.3281599018045186)	18	3
0.012088059120287653	(1.6371036486542965, 0.9311110387411278, 3.724444154964511)	1	3
1.2387090441402622	(2.571064992013795, 1.9771187254864067, 2.8836200465198685)	8	3
0.41264786143628196	(5.354634533993105, 29.62890780501818, 39.54140613034914)	4	3
0.41478765831925557	(10.024900245179314, 5.823546484607563, 3.827439371986743)	4	3
0.7973555693340497	(1.788885693036231, 6.291461127449655, 1.888191320409357)	12	3
4.051923741772793	(6.32612942842328, 3.5218725206007275, 3.792103008748769)	35	3
5.3536202725596755	(9.41249717956903, 8.241069152443831, 3.2862202511413092)	26	3
69.44516188023623	(3.0152351994670528, 8.364039560532593, 5.053776522826341)	463	1
59.05360395674512	(1.9902936128491153, 10.979388367460242, 5.773767417382429)	331	1
2.6240579569573566	(12.831802812171427, 4.135716031641167, 0.11178449145644673)	10	3
0.2963524482820503	(5.432673983184774, 1.8773513699057733, 0.8821177953906921)	1	3
0.3449765995665075	(3.1353763814996602, 9.963394270978274, 2.08410046573909)	4	3
1.878830226248375	(1.0992421024374859, 1.1583625413996317, 0.10740669725260377)	14	3
2.8398213957421574	(4.446454984275951, 8.768861745732563, 1.0991453843850973)	24	3
1.6011728848775553	(5.018003706298762, 2.016625876540135, 0.4105860808366628)	27	3
2.10987512260448	(7.901371205686665, 5.546366939323169, 4.921296328961902)	15	3
112.63588873296263	(2.4630633667543798, 1.7273759853599555, 4.621855950414469)	128	1
0.07811142723585363	(0.24192949141826836, 0.060482372854567104, 0.0)	2	3
0.1960607872105924	(0.9282622198700744, 0.1031402466522305, 2.5785061663057625)	1	3
0.7345970266446101	(2.9700092062154746, 11.224307264660897, 10.724413243134345)	14	3
0.11351103464926382	(1.8566745846665875, 5.082442326113599, 0.714542661013561)	3	3
0.416147256263309	(0.0957929794044179, 1.5326876704706864, 0.0)	2	3
0.0014512210618704557	(1637.7338090884214, 4060.960805568778, 248.55463122520544)	1	3
0.037192974268691614	(109.62684136395858, 10.182254221031581, 5.123385757612892)	1	3
0.11166426105046412	(0.0, 0.0, 0.0)	1	3
0.6165573070889158	(3.269580849291765, 0.27699385165010815, 0.007129585471388782)	4	3
2.775974145915212	(13.936277800045653, 1.6962257739313091, 3.951236124671114)	13	3
0.004917703248793259	(71.99888347554699, 680.1533950760645, 4.6458420494494685)	1	3
2.4290519845151874	(7.802587172127804, 1.4317966159259625, 2.184185765823215)	10	3
0.6269870585238095	(1.8624933461653674, 0.917575709329329, 0.3167111982961533)	1	3
1.0555278389803773	(0.30634330164579743, 2.1579552992673112, 0.126381405955786)	3	3
43.55264910604421	(5.869518546686051, 3.108158376799931, 0.5455220676886006)	41	2
22.172136587348337	(1.533825320484387, 0.6829124639322683, 0.25483647340831656)	29	2
0.5736721352114212	(1.380685736475133, 1.083868219050463, 0.6002254985516154)	5	3
0.10394683166487084	(9.856149622815721, 11.674671323776382, 0.8908528653140574)	2	3
16.183038476276163	(1.4501583410611378, 1.350448613890862, 1.9924824364266434)	4	2
0.059961964210742735	(17.56184583075475, 16.521432970528235, 2.134559226375939)	1	3
0.08473731448066246	(16.55753452685646, 24.632344285053417, 6.500286282683247)	2	3
0.5588605353768799	(6.09013915983436, 1.6819249517619799, 2.436160837077082)	1	3
0.7901758503278944	(0.24972750465028778, 0.0, 0.0)	32	3
1.9574310938499642	(7.419366877829419, 0.18482893080462015, 7.099748146989105e-30)	33	3
29.938102039466422	(2.513910195517847, 1.0566368278131433, 0.3931414251883428)	13	2
60.44829840222112	(8.775335090116327, 3.6691264024587964, 1.1621703730523538)	113	2
2.246720927654328	(5.917033442261836, 1.3213149166762548, 1.4744485481235978)	4	2
123.27100572236219	(2.465762817669568, 7.0819755482651585, 6.93247371527309)	84	2
0.15854407822189387	(11.249228906785252, 0.9263423004387932, 2.5323868462650747)	4	3
1.0057123236201733	(0.465607381972659, 5.01097960813408, 0.47896866299385843)	3	3
0.0036677099706139416	(103.1789476535383, 4.127157906141532, 37.144421155273804)	1	3
0.0033265099045820534	(241.96541603720834, 5.224683863152998, 27.233554421682406)	1	3
0.009209033421939239	(663.4136221408604, 7.464411483163647, 0.8293790536848497)	1	3
3.8503620966861476	(3.0823829295069363, 4.0559069411636735, 0.9221341159637741)	35	3
15.332577290267125	(1.3097235143968868, 0.8633237353674172, 0.15634127569423908)	12	2
122.25905736812294	(0.606293106593096, 1.777447576046166, 8.279917583987393)	49	2
2.679205088593828	(5.26475194841729, 1.2820964680645766, 0.565657779444577)	12	3
0.6255213717158767	(1.128723347187549, 0.7766729152261007, 0.4696666954611546)	1	3
0.009655289526563138	(1.6997338529239665, 6.798935411695866, 6.798935411695866)	1	3
0.6810907418508101	(9.196077870017803, 12.77862931804826, 8.815132567739346)	6	3
125.61429961078967	(0.4350513766341024, 1.8460592301623056, 8.3102328903804)	183	2
3.003621071840395	(5.702904674295552, 4.717717508679151, 0.2813910306486225)	29	3
0.10785453292737657	(50.77252180497888, 16.66412689796472, 5.83355989307137)	3	3
0.040062055699308985	(0.5783113275635892, 0.5730272047462196, 11.983944062116802)	1	3
2.339124164244557	(10.388161097176678, 17.073643962472527, 0.7005841531578961)	6	3
0.12707815343514994	(1.6997349343306343, 6.027516116688554, 56.94500752374718)	1	3
1.4420590311390467	(2.757533201846436, 1.6553441219528373, 2.202991962955886)	13	3
0.09676498407134204	(5.619811323552851, 1.0378765799309972, 0.3334327718694503)	2	3
0.26124912264458544	(2.2248238635722206, 1.0292176414374838, 0.7238912884235897)	5	3
0.4964240806231212	(0.4630996635872019, 0.09147647675796582, 0.05145551817635577)	2	3
2.6482550514546688	(9.745581544809333, 1.4521993560159943, 6.751933868123754)	12	3
0.6611606453023313	(0.04476413149058572, 1.457072790069421, 0.025652230492841276)	14	3
77.22811481024651	(1.1683918045026311, 1.249835786762073, 2.919610659054504)	213	1
35.692334726875906	(0.620939856036528, 0.5368182795395194, 0.8490238292927045)	50	1
0.03418646557838656	(0.0, 0.0, 0.0)	1	3
18.00721152005326	(0.31976284489391726, 0.08061793409639233, 0.27368259030059583)	26	1
0.016000969131710008	(0.0, 0.0, 0.0)	1	3
1.2909083735769082	(0.0, 0.0, 0.0)	2	3
0.6187193233149075	(0.07038639900702198, 0.07038639900702198, 0.0)	4	3
