0.028269452013773844	(11.716256866448122, 6.518456522183389, 35.14716648346872)	1	3
8.501119119415193	(7.3349912036251546, 2.4943218735072676, 0.8537508113784927)	34	3
1.3948409250101894	(2.6170649322040975, 6.678784805971916, 0.2155011845740826)	14	3
2.5829692326749782	(0.6519785718975614, 1.1335907947051624, 0.5287029124602574)	10	3
4.286808184958819	(13.493042396076037, 1.3530677309301107, 2.13852636622391)	67	3
0.750602387928809	(10.619503353953732, 4.664980527461649, 3.277534922446389)	12	3
0.9925998311616714	(0.17401709566947152, 0.520461656907006, 0.0515090386483281)	59	3
0.6654834475830285	(0.0, 0.0, 0.0)	1	3
0.09668805064029584	(7.370797225927432, 13.902242199720698, 1.7460323208283637)	2	3
0.2119999711176206	(24.069832064587864, 20.2047344105788, 7.575282971187305)	4	3
18.222767125447696	(2.2665306435920565, 2.854159640351725, 1.127067237957509)	156	3
10.194096768359108	(4.391285761911737, 4.447176758411609, 1.0409874122356109)	111	3
3.5459147144282332	(0.462265324838776, 5.880000472895054, 1.0451630997449195)	63	3
4.656874286089541	(17.040549142965798, 16.897209783797898, 3.7812000966214563)	43	3
0.010045163304312155	(216.20371715485854, 104.74107594512256, 137.99667405376707)	1	3
3.9685536737336293	(4.952629605998727, 3.232130297054762, 6.804386888748075)	53	3
0.40554582953102536	(3.3698584114688925, 12.510522137956494, 1.6829609118516424)	2	3
0.11469182963810454	(0.2569778220643163, 1.0279112882572652, 0.02855309134047959)	1	3
0.14458179726170783	(168.1955587734157, 3.0989109752805044, 8.32456499160127)	3	3
0.024780025096333702	(65.57334693243452, 95.47181897006605, 74.21787619649784)	3	3
4.2015087351667075	(6.866989724310251, 10.969445986599826, 12.664590636762812)	26	3
134.037209023899	(3.0695527364151634, 3.9385686196116128, 1.8141871396138052)	681	3
25.083045843057338	(9.528019718537386, 10.583149136866304, 5.051708117806297)	216	3
6.991580654038948	(12.593761367576612, 5.698842957611192, 8.310678679849593)	31	3
8.16286432187665	(4.130737737421355, 6.091438640635275, 4.611174297267691)	85	3
1.5472699877463576	(6.429800659953311, 7.089637626488594, 2.5684158609707946)	9	3
0.6642185409691919	(18.660765893861402, 109.95384258268102, 124.56804686150451)	1	3
0.12555122855701484	(8.922106406960527, 42.891496979607204, 3.307888312426749)	1	3
0.2912163073610271	(15.920432804723198, 12.837532540479943, 4.176085782269927)	2	3
5.136317894289248	(21.701412518532933, 12.972616362682, 7.274711960998759)	28	3
14.17896658912135	(5.168728017971182, 7.1073047784344565, 8.978857448073377)	66	0
213.5831647974433	(5.064926329705859, 7.2894773144046425, 1.3853124332594988)	957	3
38.78442239249444	(8.071479745277353, 8.366927669765403, 4.097513395245961)	305	3
18.376212565628073	(4.528291700386833, 7.831240989310787, 6.769536049898275)	171	3
1.991506851210846	(5.196570443078946, 32.09140725520065, 8.947535060200694)	14	3
4.328816474640466	(6.9447315355009795, 37.35948966346304, 1.7281106630391045)	29	3
0.1294359754956531	(17.750788904469765, 3.3462504988598107, 13.521263009570095)	2	3
0.6573303656368188	(0.6812410636535782, 1.6889506385677648, 0.6480411837542722)	27	3
5.3362384845268735	(1.4001380421731853, 1.4238573207062943, 1.303975883923566)	11	3
5.736831029896833	(6.4186047023889605, 10.590657472019032, 17.78176350332379)	32	3
31.38073088511265	(4.684763535350756, 11.23651220069287, 9.958033755177256)	158	0
1691.7523956238742	(1.5389384228595369, 4.719287754494244, 0.9720289240575387)	7361	3
1933.2209238525397	(2.0883010865099245, 2.4881230311349603, 0.9706851101985933)	5335	3
101.15931165572282	(7.626320258125601, 2.9406530451797823, 4.617017382015425)	285	2
58.26300881111424	(22.46460882712863, 5.075447089806868, 16.255421280620492)	157	0
4.37067463101008	(4.7042025299385495, 3.9623664621587245, 6.600870553783862)	36	3
1.0916773143204208	(0.3482565702236686, 0.23499277950731096, 1.7371235814409387)	20	3
0.06595358155391295	(8.248528665160762, 9.621892879638063, 0.6053542999978023)	2	3
6.28242102535429	(4.8293240121282714, 5.123503829812561, 8.118493250397416)	33	3
31.949342000543027	(8.676089347381318, 6.941839162866885, 1.9423304385927325)	138	3
51.377236938158276	(3.38383583452741, 5.220340949559776, 1.0960928631331395)	297	3
3047.749715421508	(3.0715335524714256, 2.752113880090171, 1.5870543559223294)	8046	1
1974.5568781943919	(4.568383625903648, 3.655351947379476, 1.4992097229436505)	6963	2
108.71661607189593	(10.953316850565367, 5.590953637305674, 3.6419333756632937)	704	3
77.53853930964164	(5.711147180861752, 5.85873659293816, 1.7994218181467896)	367	3
2.541738449133419	(10.354892214840874, 16.5376397115646, 0.37098895312497787)	19	3
0.011208637151867151	(122.90834202091581, 22.12287426640212, 63.38280859867778)	1	3
5.133678202588781	(7.172145655222267, 7.194540348376212, 1.2475250465096175)	36	3
12.691653297548905	(10.122391013078584, 2.8760760798056975, 1.7442425714382725)	70	3
42.86246418461907	(6.0874395698871595, 5.712048094883773, 0.966970727343666)	259	3
23.870883052618865	(9.191117845712018, 11.145910413942099, 7.52491075586412)	176	3
29.182789833931334	(8.776412640169546, 4.2881271756130905, 4.529282143998606)	281	3
54.387922720217055	(7.391803805243967, 5.052230117287723, 3.2325304705090008)	80	2
50.72604632204438	(7.454203318513489, 14.115383023478412, 5.672775328317959)	406	2
35.45324962264062	(4.614877131719432, 5.50286695395674, 2.8442893845564265)	301	3
1.097692041864505	(12.796858296450965, 15.09489665383781, 4.525875399189473)	39	3
0.6294220579023954	(36.81276531159263, 2.231826579775674, 0.7829137192413648)	5	3
3.008814319486756	(11.65291900318893, 8.302629412128786, 1.3654446567801477)	41	3
1.4544684344234398	(19.514087072679388, 4.1996008304883405, 12.099695376931077)	23	3
1.9463393961785764	(7.8048543049482095, 11.555846594349386, 90.78500114564149)	17	3
10.564514830601965	(5.228248948884291, 6.098965770047956, 1.4515581165558786)	102	3
3.4813649766448136	(8.072403819962984, 3.2815068411603154, 3.650322552346196)	41	3
12.812147160765582	(11.0431898301465, 6.151103863643331, 0.7579388743364579)	107	3
33.50273476576286	(4.517283155454845, 3.081413618582515, 4.896530905406905)	125	2
50.88196558241205	(6.076428935789383, 2.532898592424166, 6.054735204312183)	81	2
4.070186565463247	(4.935319800082359, 1.920240528623289, 8.838746960990507)	7	3
4.344499526973779	(5.775803849145593, 5.464963116319697, 2.244530084741308)	44	3
1.1135564957204998	(4.839893020597005, 16.215691365701886, 5.561657236130116)	12	3
4.399964448053731	(10.084695219509031, 13.534419946823377, 14.7999874817064)	52	3
1.1658865792353934	(5.562042559366345, 9.521177520473145, 0.9167211636426609)	10	3
1.3147470273283604	(12.53854579754605, 27.8850908984152, 75.25445821796502)	11	3
2.4765892918968975	(5.4420545794426936, 11.15092861753532, 2.7632330541083157)	13	3
1.7142760825790533	(9.739916556125893, 20.348057461208498, 10.464148258922842)	15	3
0.9915205133838754	(6.740784823024629, 10.687598033148607, 5.5474475497772735)	9	3
2.2525291304913853	(0.4958712253151781, 1.2216726203458248, 0.4271089105906227)	12	3
3.1571877171757228	(10.79433950605835, 15.409757785141036, 8.938721933098842)	17	3
2.232635447047471	(2.8848117493788425, 5.842749522515589, 0.09444541226020954)	14	3
3.2157468584125155	(1.6481931845350903, 9.037815359827377, 9.996585958817706)	16	3
0.9592907293911683	(4.131431796117845, 0.21198040358169395, 0.20402132326507877)	4	3
4.3387364723051585	(7.838548285947588, 3.076704828485562, 4.342252027977054)	26	3
1.354446673789739	(36.32949386462814, 8.979413470563436, 17.923244148931143)	9	3
0.06300346583157079	(631.5467926539626, 920.8820091522969, 507.83996867520557)	1	3
0.15364092907475424	(1.073813016955425, 6.485355805259208, 6.2603418267316275)	3	3
0.0021376411605160683	(166.28080826408703, 823.1879911261916, 17.51397713952841)	1	3
0.35660566394314164	(17.918779962857727, 18.365534493083864, 10.946823644847122)	5	3
7.749252673387449	(4.692933113803496, 8.598259803183746, 1.712352907682962)	103	3
9.041986883680986	(2.303832729381556, 8.676859942667287, 2.0596673418145763)	64	3
5.2938503725919706	(16.550984889543468, 15.2818002564152, 7.808346259092674)	24	3
1.9133964562464878	(6.012156982683471, 5.833609970494848, 5.9142880493572045)	18	3
2.2490785482544675	(7.70407567319037, 8.089850512049338, 7.805104602529647)	16	3
0.017102506273658946	(48.71814918283545, 338.0303898953905, 95.85827548921853)	1	3
0.7572796246294171	(1.1071913468246688, 0.08525746263000765, 0.09898512831055688)	14	3
3.733897262180891	(1.331056290508628, 11.388240482766934, 0.845124268755458)	26	3
1.4645791701996904	(2.960609174484749, 1.3716452769760983, 1.1438928983526646)	5	3
3.87227019586834	(12.1289436207546, 1.6386491207097245, 2.883579315884449)	14	3
4.168885051498625	(7.8465653627931395, 5.918638598016762, 6.06003446148748)	74	3
32.41488272395142	(9.179061548482176, 7.857835164785531, 5.690572236720833)	201	3
29.443486232693868	(8.332290595152566, 10.980199922500926, 7.658882544507138)	247	3
4.830670997245045	(8.996520803629922, 21.60700071370879, 18.965618079063148)	24	3
1.7642323223073362	(19.15358813191907, 28.890892453642284, 5.6976905214710705)	30	3
1.214044710021195	(3.551242758754529, 2.690666432445392, 1.1009803274619205)	14	3
0.11078125701982251	(2.0733523701609693, 8.62601496854278, 12.585203349500274)	3	3
2.9741389219208494	(3.5014500974427065, 1.5488151907391685, 3.5758453289044936)	13	3
6.079355582443213	(7.008598294932988, 9.500949259330802, 11.362951883779118)	18	3
5.8205418186269995	(12.22138422440336, 14.27901778600153, 11.026941842137859)	62	3
11.843698438217272	(10.741370848437386, 9.655313990232841, 5.94602938383032)	96	3
119.2236414578611	(7.297573633890759, 6.019720959372533, 7.029237757912694)	741	3
55.473251946500596	(7.020054837338542, 10.831145125429101, 8.775539980340264)	396	3
25.26247785531014	(15.70332571044122, 11.705940885226688, 9.731345486048273)	112	2
31.131165109268938	(2.3026596886810182, 1.2256391344283109, 3.679502522018962)	28	2
0.39945351474424057	(7.702754232959741, 9.284853521012423, 16.210100779737843)	7	3
1.0900211925807735	(18.85629236886738, 22.185785274975398, 7.0286081297743515)	14	3
3.730794535219363	(1.184004181925643, 2.5702270320878444, 0.4509667394156926)	30	3
4.9756394002638835	(9.656734575941117, 8.781463449504685, 1.3858632373333228)	20	3
7.811860474560754	(23.19715226173123, 4.403474509686228, 10.435602469121834)	90	3
55.51650013648099	(8.430569641838538, 6.1926771674652485, 4.580351247781416)	476	3
737.3120812918204	(5.326644876977627, 6.9680538416216535, 9.18040190576271)	3004	2
273.00405944709	(7.912626329166152, 9.125213735322365, 7.1574962080206275)	1684	3
85.72003965668698	(5.21353259408046, 8.27095324016398, 10.747499379018254)	554	3
15.169699285364214	(10.096832729344404, 5.475599442706889, 11.725440050059117)	120	3
11.344665960415771	(14.27915298579362, 15.214777793445144, 9.65014366043928)	67	3
6.71672783206585	(15.862521770213771, 17.29557787724067, 18.389970876573123)	27	3
4.848392915039948	(7.468579776832325, 7.925082475054296, 9.146531860550938)	44	3
9.070515237774632	(5.603784529117848, 6.176176609191787, 1.8338257920110268)	60	3
44.94682084187077	(6.561077264380108, 8.283630358217438, 8.522909102973237)	306	3
255.17615435438796	(6.019346026730458, 6.406234731655213, 6.8674900826054746)	1975	3
5405.603546465415	(4.456624817114842, 4.822257140024674, 5.160526549682435)	27929	3
3311.944345988338	(4.983603589660929, 5.257337168286362, 4.292482192695944)	14143	2
336.5004194132198	(6.3585992190180525, 4.988592618704012, 4.647693134122571)	1748	3
30.670944699799733	(6.1035537493704615, 7.481414594025373, 6.370832439908215)	323	3
20.04458957834243	(8.657086027897893, 10.134924552391483, 6.324985853729465)	236	3
0.7277835217979205	(66.53882084471681, 73.89583109354196, 18.584294018704778)	11	3
6.584392388680492	(16.04592527876962, 13.584781435071623, 8.062987003353637)	38	3
13.830576093770986	(8.838068452875495, 9.623070392798844, 2.6345121670445915)	150	3
78.58802328797593	(6.801972783491921, 8.068311485678496, 12.989587492237247)	618	3
493.1841070522953	(8.310496628829855, 10.468365954656463, 9.417805723756056)	2348	3
9510.009883864484	(4.576892973875847, 4.401640026142636, 5.048921490901841)	41546	3
4468.592824024067	(5.6988195590325565, 5.968040834858321, 5.181215426523309)	22538	3
391.48826981538474	(11.607936327576663, 6.6448356122038055, 5.9764733368285565)	1777	2
211.17296264305241	(2.234083035934657, 1.2465920766838752, 1.9630113344578815)	220	0
4.917109285821121	(8.422496557625827, 12.69679713945724, 7.72995784446349)	33	3
0.8172993906606025	(10.69262055497434, 321.5316684758192, 60.20981162585641)	7	3
9.275815287154764	(1.21067011470498, 5.937825092558528, 5.134214499151335)	98	3
15.989533978312897	(5.632382359166978, 7.851149040020092, 5.619573098522924)	169	3
16.870048837120994	(6.1470283497617535, 10.12216068432768, 7.27486439310917)	171	3
199.95238578471472	(6.872487087842689, 7.122195409670703, 10.402399682154703)	769	0
612.0455784948521	(6.324403803168528, 10.556358579574137, 6.013370707730576)	3262	2
592.9059012445506	(7.006314799990796, 7.384468927931359, 5.267829995473006)	3189	3
151.30959989565022	(7.901885188542655, 6.65269024019335, 4.899008353263535)	863	2
23.61530253285827	(9.829729136448579, 13.464806201806509, 12.1615434517743)	122	2
6.939252166872367	(15.890423037838856, 13.273583790603846, 17.49002958986849)	46	3
0.5300688418581034	(2.3016405684976204, 25.383901840690157, 45.36782003474432)	4	3
1.8649127885057761	(5.896718049526447, 1.269161546961738, 1.698155074133117)	20	3
8.92397489399916	(5.857160988028444, 12.961503271493942, 7.686369193126492)	45	3
29.01532253404237	(1.87586214520075, 4.336028592870924, 7.137846422435078)	117	3
17.98909203939054	(12.72942932497221, 8.810678826908603, 16.428114400301638)	214	3
49.35180570979953	(9.534469609207648, 9.243392122729523, 8.654731379958106)	415	0
303.0361539136196	(8.497439202405273, 7.9544140550499165, 6.474800238874077)	540	0
44.07790126261901	(10.26416361770912, 4.1631313686923, 3.1807572870321787)	424	3
16.817215920380082	(11.115756112874116, 7.906328939827942, 6.505381277263561)	83	3
2.5798449879679772	(2.017167893209582, 6.871761049160986, 1.8568410236366488)	15	3
2.8081001327406505	(0.7499711983103962, 8.489630627055874, 9.737559589055905)	25	3
1.614003439021165	(22.879759267879887, 21.241723833732692, 18.14775859055259)	15	3
10.60529122019983	(3.920126021069125, 3.8503992350464937, 7.7623457630687)	87	3
3.0354430056773	(12.42596788537184, 7.181242231152859, 5.841604460652348)	21	3
3.562493614508779	(12.293791027146817, 10.074443795417235, 4.524909801141684)	69	3
10.27643576637873	(15.323920568396561, 8.699794363417677, 6.88745529138693)	76	3
31.309972384880037	(5.608571473350352, 5.806705371523139, 6.1015236810337345)	248	3
11.319045315860318	(9.526636633554718, 9.93313332532851, 4.383102399116607)	72	3
11.386318589345127	(1.7785904872580047, 3.3802942344565943, 0.7585027302082054)	111	3
0.6139291370341795	(6.256716953177389, 5.064677198407211, 7.034383753358659)	7	3
1.704329610460121	(5.7902380556831305, 16.90822784752703, 35.08076557538524)	9	3
4.138320868269518	(1.3234726466449827, 2.9222693523893177, 10.498404009998138)	21	3
4.755138356425643	(7.007607241051812, 6.325955010158421, 6.411055540167836)	18	3
0.2945168287624256	(9.168375247843388, 12.308172252433259, 21.01405061948436)	7	3
6.4280613957919766	(7.523932176346698, 11.250862917906677, 9.143541888742002)	49	3
9.973810994084909	(4.519543327673895, 2.018784864740162, 1.666689974985076)	123	3
2.0865108161020607	(2.443061971310844, 8.517397806694676, 2.4361052581487455)	37	3
0.599568837362644	(1.5551386468090678, 6.5041176206517015, 4.831738036894392)	3	3
3.8305500440281546	(12.117123436020055, 1.7300459446381389, 7.897306718130097)	17	3
0.010827183374203742	(1672.1664772924803, 4288.466522661131, 2416.7177211018907)	1	3
0.17369210613833275	(124.18322018367385, 36.26706613826774, 5.432933559147173)	5	3
9.781783842889926	(10.676997128371834, 10.6113621529085, 12.819073102623936)	42	3
4.804241039017373	(4.069741914157315, 5.889789953373928, 8.412034425148294)	46	3
0.7923995567398379	(124.62184174725189, 5.96096586000857, 58.652561957074646)	10	3
8.44002639582098	(4.528919282855552, 10.71692341847813, 10.70467664199245)	72	3
17.002592971502224	(5.122792525794385, 7.203006874011605, 6.620594717317667)	38	3
1.2787632478884028	(2.302978285833407, 3.29474155469027, 25.75855863711408)	8	3
1.8886754868173772	(0.7435023594910488, 3.0943427493278293, 3.4693362980022022)	79	3
3.383293201214527	(7.632032106506615, 13.642807337191535, 7.902557894507471)	21	3
6.7377068726252585	(17.294823971368498, 18.154449496105048, 14.400034594237438)	50	3
5.47603869185869	(5.5667156403262315, 7.1803762106271485, 5.738266496591619)	30	3
7.613434937152812	(17.384788654268235, 10.972953802129886, 17.25908219023208)	79	3
7.566539442966909	(8.628959166795745, 20.174700597784202, 6.055592473361701)	56	3
6.813261859765364	(8.373841139558891, 10.416178754623408, 13.841742543844306)	67	3
10.500653517830784	(8.726971426061267, 15.724035503511413, 8.372594069916243)	150	3
6.80235449241522	(1.6514511208720024, 5.194925929610549, 2.669743726001824)	25	3
2.655432422490109	(40.458440759546676, 24.75666563794319, 13.375914514492582)	20	3
0.04553688570013037	(6.279273570663623, 10.95648584739086, 4.491496356264316)	1	3
3.974914597998465	(7.783255309418389, 13.924681251970666, 17.77264758580511)	34	3
3.5000382318521863	(4.990443753198782, 5.490446679318316, 4.712127673091068)	39	3
5.63057427633115	(7.511040029828128, 9.08476028450144, 2.7584261861281747)	37	3
5.41355861554569	(11.727375864505673, 6.450082453466943, 6.912929840987002)	35	3
85.42075839937543	(3.361681338709182, 3.2194456891523955, 5.120689868171416)	150	2
36.18109959693324	(9.856521633086256, 12.392424192640533, 10.559944668669948)	204	2
47.59758623037011	(9.157881645601954, 5.294154267221443, 13.470115329405282)	138	2
8.222197448195976	(18.815861380486307, 36.4026942706289, 76.6126348665047)	49	3
3.4409127203264926	(15.029380133565892, 22.610890271393618, 6.67624825101155)	26	3
0.9064585302459659	(3.8630144050927013, 27.69079393547038, 146.1873009783237)	7	3
6.4219412992864475	(6.077181982490911, 5.3948614289342105, 6.562666902267457)	57	3
15.243275296231728	(8.70146944705562, 6.745856263893998, 6.113205897803608)	141	3
9.608609069292054	(8.29538288712966, 10.261517960463253, 10.434525567282359)	63	3
83.20537894896539	(4.855280955581886, 5.12651561998081, 11.957681663589076)	285	2
177.99012903737204	(12.06590700196264, 7.320300689105437, 9.08134780967694)	515	0
378.196275909864	(6.172460732749561, 7.16169785019007, 12.332903839651982)	491	0
120.17656421557966	(8.088720469315154, 5.8045086694816135, 7.552043695614991)	346	2
18.8794501930295	(8.01833874321536, 13.94595555083798, 12.275745595183139)	161	3
2.0568033146861766	(76.50626366593058, 15.334851750909674, 85.39277582698689)	54	3
3.1827990633296084	(5.2637004557079825, 2.185806650805693, 4.822138948564331)	64	3
13.625215709465103	(1.8055373282431244, 8.030439289716472, 2.0888050024539515)	58	3
33.2835315763292	(7.482312271681068, 10.671839158721648, 5.119704554628391)	248	3
168.6532103565795	(9.309471623807802, 4.771816705584892, 2.5662101379870506)	608	3
169.9967723032942	(9.172650146158663, 5.788586711534253, 10.292055757601558)	736	2
657.8933978336263	(6.461518190030243, 9.932423407061783, 8.397350501699986)	1793	2
411.27893408988007	(4.3422738945231005, 6.233497153228623, 10.693143842649421)	881	0
148.77347938267602	(7.142150969689435, 3.8189132687505998, 2.432278762876361)	356	2
8.296161941626874	(13.41165783435524, 11.137595235462793, 6.694367106454913)	101	3
18.193726596478797	(4.537914550787384, 2.4661671217036507, 10.512307520718647)	84	3
0.3546859705140608	(43.503274642706735, 76.30230848370792, 192.3680896978441)	6	3
18.66328162909831	(2.720047328532329, 2.4039692697919697, 1.9049550268890592)	89	3
27.03816855494707	(10.086756511357729, 9.441387402550154, 1.9502924172611145)	188	3
122.98048484628586	(5.290605337631565, 4.900375442514586, 4.686042551059209)	470	0
215.82364794297908	(8.29747374536743, 13.958330854395939, 11.235186476346616)	721	2
2108.4969988381786	(4.9937640330502235, 5.004618472672092, 3.894836739717078)	3030	2
1371.149661847805	(5.90365927932319, 4.571305537270907, 13.023774470234484)	3431	2
150.65239452439883	(7.025962855416383, 4.632358054911689, 4.499849008660672)	494	2
83.98426272032171	(3.3796319244336, 2.9892001765338683, 1.7212713117614322)	180	0
46.53172890542775	(4.693518705226478, 4.936281868261891, 4.63173990650786)	92	0
1.4553057206000095	(109.94767553577258, 18.424990977330662, 139.4629327750161)	14	3
7.685614457715453	(5.861664368301955, 7.120665150835768, 7.5898113043902145)	67	3
12.285265777174736	(15.593540010577259, 7.946342523491771, 9.00764045530075)	140	3
76.44481913360863	(6.841417415070832, 4.690649081617951, 3.383109646136263)	308	0
45.612274353721546	(11.213694404820416, 15.74590651696685, 11.316045013511467)	286	3
263.03648433830875	(6.235291635098896, 6.2669988764661815, 5.563373736281173)	605	2
82.11836529846994	(9.19019090219414, 12.70732047441994, 7.116732003741232)	486	3
148.6765031307434	(5.575274752768875, 3.740009986322803, 1.5670462906736349)	244	0
68.20566792915984	(8.392986454136281, 8.894868401769527, 4.997783108585438)	90	0
79.83545843457651	(4.087991063777247, 3.278805921799481, 1.7057526551438156)	131	3
1.957220592195032	(11.347168203605815, 3.20167608187563, 2.39513820700196)	17	3
0.7362631562516335	(12.500159394976958, 25.903430946245987, 57.80048812523582)	4	3
3.8978618441340838	(21.477519938304777, 12.489371631423246, 3.5642731165344452)	83	3
7.515442251262601	(12.660609512038906, 6.360960196144379, 9.189417743265935)	106	3
33.39149032210072	(9.262371404246165, 6.193545361868174, 14.893905127830964)	287	3
66.22229225068055	(6.502587099446128, 6.977625919524735, 13.632574057220143)	316	2
151.46000062606365	(2.1153621833720013, 3.8984705480426176, 4.379485537618383)	373	2
26.20211272044541	(10.700286606053652, 5.455434231662756, 7.192252075411411)	189	3
164.11852768371878	(3.432565223467502, 2.7728722722053147, 2.9394189406861493)	257	0
126.3573206934457	(7.934032386702232, 5.834684361281157, 1.8885844209858433)	161	2
25.930949489452964	(2.4467483345935714, 3.0002780588608906, 2.278551317517854)	56	2
5.404295784213199	(2.9612029150793147, 4.35824628271994, 1.0763571310398101)	41	3
1.7575072981054176	(7.737686893697077, 9.844269435002404, 5.534437890990111)	11	3
6.37240254384664	(20.425401498901184, 17.082382456674853, 14.949417911484788)	61	3
6.925418930805666	(13.536025451257899, 3.8778551486897004, 7.251802105517184)	52	3
4.30386774142586	(21.393929881885512, 9.719103815570412, 17.33450337928258)	67	3
10.411498966759302	(10.724821308003989, 22.93955736002693, 20.1428190037981)	126	3
8.075532630398778	(10.746362814517783, 19.262208058529076, 2.021339654607236)	65	3
14.595601911857766	(9.42435697183829, 5.582222272882287, 4.475105820850704)	81	3
11.786534373295726	(9.190700085028327, 7.694701674244614, 5.4582510474131345)	140	3
64.82035789018106	(2.4084042290871492, 0.9647952244926221, 0.4386011325830461)	111	2
0.2986064535452897	(1.1035378510459686, 1.2240069537445295, 1.5699993493157522)	4	3
0.9175663989003356	(73.26059776450829, 6.276741919651875, 0.33674435881149917)	6	3
2.751618380911218	(54.14560711531463, 11.737766855421203, 7.883919173241027)	23	3
5.461547098772291	(1.5788434479851943, 1.0932607255467885, 5.362926573785019)	32	3
1.1277398877844051	(6.555777228132705, 64.98357114192444, 6.209164978073555)	24	3
4.594935410553769	(13.938243596965627, 9.696576353277672, 3.5619510759556303)	19	3
1.509126556990707	(18.24187207626317, 35.94345064142244, 38.60675850196967)	15	3
1.39346133536021	(13.19023819457094, 47.79094461714459, 23.500045001134122)	11	3
12.6441272924432	(6.1573297120860015, 2.0792088969184945, 3.9619946016182626)	70	3
9.752784241674961	(1.6241040929113366, 6.216035909490119, 5.302230645975108)	96	3
3.228116324684259	(5.449565018322276, 3.158476900174626, 3.490641920274941)	20	3
4.429243577020799	(11.1856767688871, 1.1627110155135962, 5.71782841875888)	19	3
3.8192078410782453	(18.326903596700944, 17.046186524722785, 24.22458028266007)	33	3
3.188616273711966	(12.113813695633054, 35.45812681024109, 9.837032255472312)	41	3
1.0725264495408078	(6.357304841756306, 6.35763990250258, 10.517676755200913)	48	3
5.516369264953916	(8.143625514266393, 8.4018792459696, 6.838253498240447)	95	3
2.0447508006724404	(3.647274642582495, 0.6152521673439135, 0.6122567772998536)	8	3
0.23923239660871332	(2.9556060241471673, 1.719340504034215, 3.140775484061343)	1	3
2.2996647662566874	(3.094373722624704, 1.5417407977294155, 8.606802750433424)	14	3
11.22617782113135	(3.2094574844461956, 2.357230177706435, 8.003318357055162)	145	3
2.430566777819883	(24.412308095854115, 38.64297434695235, 85.60462054468175)	66	3
8.439240326253913	(20.955622624314255, 5.953356804069406, 13.23766618889117)	102	3
12.958928843333823	(11.010652095184334, 12.476933421809456, 11.134940306958658)	92	3
6.300761546916089	(23.043288155297194, 18.92717948929854, 14.497393248544332)	67	3
15.759781237185077	(10.352982591540654, 10.02955306284841, 8.769157829523898)	112	3
4.762044000302767	(6.8893680615928465, 8.37371312128425, 7.32467849500492)	53	3
4.853919037316603	(5.297706970782039, 4.060395786529179, 2.2406974093683187)	44	3
0.44602207659139376	(4.075300405769397, 2.016040360013767, 0.30626803134679037)	3	3
6.498456706236853	(1.8590125986582977, 3.3996035083888225, 2.927977270951742)	46	3
24.431274985041266	(8.966099598418802, 12.171506258776565, 3.178356948271833)	152	3
52.113338313690576	(2.5067715721325565, 2.905191771165699, 3.7491131363155907)	206	3
82.55056649285078	(7.965341915733406, 6.4098529955356005, 7.847330253294653)	363	3
156.74259330339493	(5.466982781427587, 12.3814684085492, 7.108685501368252)	386	0
239.38456561834795	(3.9085212221567813, 9.75436899174429, 10.638374328927522)	408	0
20.364668131137293	(9.822692685882727, 9.970663781034588, 6.105364395856591)	129	3
64.87620565222893	(1.5688580994870738, 2.2583233688697386, 4.4630533110555985)	114	2
2.216724372227749	(3.565624871775959, 6.770029576908281, 14.454982943934969)	23	3
3.4867089063787993	(0.517344361961949, 4.27010231899442, 6.996554117344553)	42	3
89.97092958781283	(6.1531562231034975, 6.989283252761612, 3.1588340987085095)	479	3
57.91498943139423	(6.924492424029604, 5.218002933223448, 2.9467866620342753)	426	3
288.9342808446709	(3.7613250107535046, 4.216421735862517, 5.632393337310962)	1100	0
668.6042709399791	(8.138551989769017, 4.872814946632054, 4.374079879060193)	2081	2
975.1025693815192	(6.226619791003984, 2.5077856846709334, 2.3753173641484824)	1705	3
1113.2372347027163	(7.406565446003215, 4.310888132199013, 3.7337188887287835)	3534	2
224.07101328506656	(4.045101180418308, 9.881363007252258, 3.422905554342516)	729	3
7.318957661541204	(8.16982149995645, 15.552984774506706, 13.75870419364393)	33	3
3.9696119118942295	(17.851233377000202, 21.579795528538245, 21.4535305140987)	43	3
7.25357827662015	(9.899681169438143, 6.171618667652686, 1.6367278750401195)	56	3
14.275642613957086	(4.1794843464338856, 7.471512048803755, 6.782813715635627)	89	3
216.2380978199947	(4.833717628754969, 2.4959895747939553, 0.7186886282087162)	1045	3
184.03227718435895	(5.087129552472804, 2.983227641160479, 6.744623970957368)	771	2
134.85208830783532	(5.863228377332031, 9.546356840705508, 10.85442845147824)	555	2
257.74152405714284	(10.22148741012219, 10.020192637820431, 7.7814646674668975)	899	2
925.1693371218764	(5.885266550700592, 6.95046780462136, 3.7717775174205284)	4404	3
219.09542398365045	(7.315250908155784, 11.97687157740358, 10.580277097193107)	698	2
68.34387028922563	(6.814476337272853, 4.445357838700499, 3.0301671881457226)	118	0
41.35401984612479	(5.661064187648442, 2.1141589016432873, 2.8151799706256737)	138	0
3.1992018970024665	(21.723339658134904, 30.204232727343562, 2.973579108299882)	13	3
2.2810373179526837	(6.1008010038056035, 7.722745404734824, 16.732674277454826)	15	3
7.66392781241635	(5.488303969100216, 3.7333838858548707, 4.599972449552448)	52	3
149.59620215962227	(3.2376218139296804, 5.322460403741763, 3.3659004487718844)	354	3
770.696854274291	(5.042875229094075, 4.109155870938253, 6.488050486969366)	1248	2
268.7600351359745	(4.9187513452707625, 5.82000252713041, 8.056794061998643)	976	2
3632.6641035083867	(4.634901700915361, 5.155861664456332, 4.8226284425413235)	12870	2
677.2259148855989	(4.9478807386910795, 7.482548591139576, 2.0823000277601915)	1496	2
50.48395950190845	(6.966231292751438, 12.45461642334489, 5.566499658264459)	251	0
7.025600185999502	(10.468024655295878, 11.265412080927888, 7.415546490063117)	51	3
5.967928010704408	(7.363445580001527, 14.414562172101942, 9.17154879962777)	60	3
23.910278027282104	(5.6688329865737925, 0.5586669414187548, 2.443626971484314)	45	0
6.647763593466872	(10.27624733268019, 6.507359040687866, 9.944540348107566)	38	3
96.27652714514609	(3.840889284539382, 6.443570634531536, 3.1337926899146917)	489	3
21.927489990460195	(6.6713652332145585, 10.95591451157077, 11.164051949128313)	137	3
139.51832179843484	(2.305339314109897, 7.670419042109675, 5.838153794252579)	176	2
72.21251257992503	(6.9858277431895806, 5.3728103396570965, 4.889760776121333)	631	3
227.20609475069097	(3.6751949235509125, 2.413405926870392, 2.64280026152828)	1381	3
6.4249146085201065	(11.749692056538105, 37.47046668651981, 23.98573926771558)	44	3
6.829753903553966	(10.572401930079252, 6.729395103091927, 4.657423666495768)	46	3
2.153945229760405	(3.901987284507403, 4.986003207457236, 3.3196447861918172)	30	3
5.80505068952425	(5.242600775702531, 9.563872387679293, 7.077780726474093)	44	3
117.67004378985874	(4.912489614267096, 2.457496746181809, 2.0289861371246913)	169	0
13.008016061430785	(10.808290936038485, 10.989453883488398, 4.9892473269378295)	95	3
26.164055079406896	(11.96787138133103, 6.339261092460658, 11.16559997376149)	137	3
39.09040206224997	(8.564879067669047, 5.789272814998158, 7.7839979865965425)	288	2
120.02139030689189	(6.035798618755966, 3.8064448909849387, 3.030653126768596)	102	0
65.5226029608749	(10.036182807517703, 6.779335285098448, 9.422596521986476)	295	0
35.27268992204651	(2.761181079526945, 3.656253590192091, 9.40655181030216)	275	3
3.7772327478863152	(35.32822268695327, 2.627574249782963, 38.36287005973773)	24	3
7.712490758700467	(5.296877696935875, 7.439367570429066, 2.9060388875036463)	27	0
5.624017174310163	(12.75696550134689, 4.238203284030366, 5.808083931454419)	23	3
25.837962406155462	(6.733325398468326, 6.743932124847535, 1.4118322333168842)	130	0
4.303876877401479	(5.957224156458252, 7.967029977308074, 6.252740137560917)	93	3
3.106184863263917	(14.662791227884274, 6.850536076683032, 12.159344682587982)	19	3
125.72513055101199	(8.641366889087728, 8.546492250990747, 2.4570862199609453)	201	2
94.83778505350746	(4.562059144582854, 4.816139734622923, 1.2167806302483601)	118	2
11.468548523690187	(8.047276307337523, 7.228022106136546, 9.239269761620776)	101	3
1.521959244904664	(5.857838553380202, 3.1390970233010616, 3.490380835407985)	17	3
1.358009561953239	(19.016959075036773, 7.588468134397331, 3.6567610040931506)	19	3
1.1894838406847097	(0.26154838109230155, 0.591488200419217, 0.9394447265006022)	5	3
0.11764321378458098	(1.4421737073084921, 5.880440103876297, 3.3596099532215136)	4	3
2.638020126242522	(8.372751047177552, 5.9587823472133445, 2.540034476461568)	29	3
0.6105319111734525	(6.51899210112133, 19.63970951890796, 9.25224647031411)	6	3
74.28130776073777	(0.5909082479820141, 1.9140550558637894, 0.8349728991091256)	86	0
8.487287346035474	(6.9919162496121885, 8.39407086091702, 6.14836337914443)	40	3
3.154933943195211	(18.817467976559026, 28.812800510477683, 58.622483131148876)	27	3
7.623899963564958	(0.5021572389576271, 2.8839381557956516, 3.892918536433387)	10	3
2.0284887488304997	(7.610256144087456, 11.437971678917277, 11.044490828180153)	32	3
0.24034907421628304	(0.678948553813375, 0.741794734822648, 0.34806649737585243)	2	3
0.8340421804914513	(9.57506320484219, 1.1198648973549445, 2.1397785373706926)	2	3
0.5600385125556814	(2.824740447725994, 3.2683571591485716, 5.309389152245192)	6	3
1.1987014377036125	(1.926641618844322, 11.301917758226619, 15.589179958769938)	6	3
31.195529725177757	(2.770336326944062, 8.613300019277212, 1.7386159519748636)	51	2
27.70125166375793	(8.90008294088122, 7.1384266741785884, 0.7123564546254396)	21	3
4.45879064346283	(11.09618455742345, 14.180578309883266, 12.43877312043886)	36	3
0.679895645318674	(23.523855696696277, 109.27655531065349, 126.19968463341579)	7	3
0.24156386530557938	(0.697346694093502, 0.7176886046449577, 0.2583024702558685)	3	3
0.09418234438089712	(8.798255855037407, 7.112075251051166, 0.9284471748436991)	4	3
0.5410555407851113	(1.4884950016030682, 2.2734989684642435, 2.3729497457180617)	7	3
7.634809705802742	(3.119933473011994, 8.230795411045765, 3.150323694643859)	111	3
36.50949213540646	(14.198526393427418, 5.171602841061872, 6.096273039794043)	106	2
18.57697311088559	(2.557921501882407, 4.495894784803134, 3.87714284221721)	22	2
0.697756339145351	(51.60611684570416, 43.415249977299815, 85.23239256323734)	8	3
1.5525565512813673	(20.06167396663263, 6.622003372668393, 4.948367373611509)	29	3
1.0637444438639436	(64.61202644362795, 147.6277827580248, 50.81419470883271)	45	3
3.3243739173305014	(10.532516885080273, 18.434797497572294, 13.874716169931574)	20	3
0.33953986028250527	(2.8313610332641783, 1.0262267291238163, 0.5508492088013658)	5	3
2.5373622619951774	(6.133664266108797, 15.958760837978048, 4.645987987627204)	43	3
6.236030527869255	(9.719133095579634, 4.821815550045024, 19.452250940893865)	23	3
6.488312237969376	(5.566800691412213, 8.226407921674804, 10.97523599327038)	46	3
123.03357259778166	(13.101743996328407, 8.728200470680925, 9.625105570849973)	192	3
72.06064927888691	(5.606866742994865, 3.668173748128396, 4.423564068426669)	130	0
6.8323048350276245	(6.600439548659724, 8.882390121892755, 16.37067719559666)	44	3
6.229481070479702	(7.063511407551993, 15.511231672286694, 8.886441250851554)	46	3
24.481071070647204	(6.408724043135771, 2.319084558509899, 12.441723217243062)	241	3
1.4844499289527633	(6.421820807633875, 9.436074313880692, 6.490615191987595)	15	3
1.1331399210105795	(0.6615755355504744, 0.8493387039403256, 3.9736649426219968)	3	3
10.269293016411398	(8.964848988393157, 6.11270983422908, 1.2031548107411685)	82	3
7.561294486134481	(12.970404139763662, 10.1185055023576, 8.07378999758017)	203	3
26.8434860429534	(11.783336203417896, 18.642386989892344, 16.410568002714882)	261	3
163.1505928644633	(9.85157152535403, 9.966894744197639, 12.809079715317472)	559	3
144.12767238679052	(5.623717087596568, 8.749536709561005, 9.203764023877621)	288	0
90.19996239265852	(5.009881509200357, 5.905357305481501, 4.4374378260416965)	144	2
51.013176341203746	(13.018331085610019, 6.340439758058893, 6.918411434625693)	169	0
36.01057920011962	(6.54868953511361, 4.653921662381817, 2.1708608170752344)	124	2
7.3130029052963685	(37.736223556738736, 268.96351749942545, 17.586994355359597)	67	3
5.463019037904968	(26.34261681381233, 7.299430767562211, 5.6185624078230445)	62	3
7.38381169128539	(3.4186911362987162, 5.536880376225948, 8.562825413652634)	60	3
42.528770142135144	(8.456272032041122, 8.778744932592437, 4.8141591747770285)	465	3
185.35866165644316	(6.408843186897804, 7.572865749381651, 5.108770466229843)	1266	3
792.3812466290186	(5.781797780707994, 4.5358756551349515, 2.7772821368739513)	1444	3
204.29229781512416	(7.724688332735318, 9.708447797612324, 6.51991744039201)	610	3
101.73086187322019	(8.433394900294141, 6.6654825708322445, 12.475508417150575)	300	2
29.318697332130842	(14.160100903490566, 9.723233466897383, 18.829016008450637)	116	2
57.65764273003589	(9.941024380259876, 4.644639063421043, 3.0887158984602228)	76	2
50.41360988411693	(3.8507652320223973, 5.562077400880321, 1.5610295341520017)	55	2
1.189105901259396	(3.8788311336127825, 3.654630685977095, 6.66559068554321)	8	3
8.189042886146108	(2.711392803849297, 7.910074884564994, 5.056738135657138)	67	3
27.216011891605383	(3.6124189519634604, 4.49453950672631, 5.2732430400319545)	221	3
904.1285777829203	(2.866622213095638, 3.8186230772937977, 2.8959749498022753)	4197	2
106.11812743788053	(6.699032275912078, 6.44326944004695, 10.18478894951262)	406	0
118.74528342943199	(6.843256125710856, 8.183724154575973, 11.117598760528965)	605	2
666.6113337270893	(6.974469448701283, 8.050513412603781, 4.641707525931911)	807	2
143.36773681070343	(1.7274669574145352, 1.1721633519643628, 6.577921927812237)	539	2
3.198613965565273	(4.513831449229394, 8.876443821718668, 7.3926965368351505)	20	3
9.243259949781244	(11.386921235770979, 4.709025824981433, 14.360136806051967)	95	3
0.5140858984536127	(5.563577238722974, 145.21883272756847, 1.8951876809079224)	1	3
2.4696527599848808	(9.840950683671949, 10.510643347902503, 5.3844375472100765)	28	3
30.74089125000286	(8.4007867349008, 4.189176979676093, 11.820197861585083)	223	3
284.20816924767996	(5.3624847096075685, 4.776350002266289, 5.48453658353419)	534	2
186.90955193478547	(5.597700923402225, 3.2266465840478578, 3.7874296496517963)	266	0
41.05190209695468	(11.495343095562728, 5.875949730077541, 9.522674409447756)	366	3
260.1568222966356	(1.891227333527984, 3.672241073492618, 5.3429283908395515)	1049	0
5.181252157915881	(7.9787794759131705, 6.221161402569188, 10.781929141674732)	44	3
16.022096273487747	(10.94227676194251, 2.1265307022307933, 11.549188859772904)	40	3
3.0775028238384143	(62.97852449225109, 30.669309402844295, 57.80586682869467)	20	3
1.4995244713853788	(1.1855041964565145, 7.782557799163651, 2.847272144556903)	16	3
4.3880760278176165	(6.361245044648517, 4.640644479161681, 14.64160338423702)	11	3
2.76574444468874	(56.43046991372802, 40.90421487791486, 83.04776705823626)	39	3
2.108526599323885	(77.9808137695296, 105.80962229698358, 147.22700786291264)	28	3
3.036512566699846	(15.519094675567422, 13.006943132155463, 20.926373157348664)	40	3
63.557757650365254	(3.495112081507191, 2.4273755224639033, 3.3150880241429914)	375	3
15.748061886368863	(24.169673438495263, 11.162997449421717, 15.255091195013991)	96	3
10.477861387560406	(5.550170088430409, 3.2279879590093676, 7.130903118150984)	113	3
0.06540156990377	(84.13302345403615, 39.45983273842859, 80.39383002464535)	3	3
1.8101815816097	(80.91254551277669, 1.612938432463705, 35.76399882550977)	7	3
1.597727853947585	(13.25393136828204, 3.9347593330560415, 6.519996925190304)	15	3
0.09350246725080069	(9.468417472591687, 6.084159288585674, 13.511900102050838)	2	3
1.6785735671990958	(1.180709218109936, 1.8362304253320603, 1.4005220944846326)	36	3
19.672071275876323	(9.54715074557161, 5.856804900754469, 12.602601987673289)	175	3
4.518459426461863	(4.927939666710613, 8.432429219440259, 11.676287037320709)	17	3
4.128193925639478	(22.701228029132267, 21.74396668231349, 2.5035188135857127)	38	3
2.2350077516325015	(25.552278089961554, 79.93120890484526, 80.25464906868562)	21	3
3.9591494923985024	(19.025400610436673, 8.205252283739455, 16.56032056461983)	31	3
2.666119737967689	(14.190447886565844, 8.042454984698123, 10.08035551222046)	16	3
36.799277652620944	(1.1833869831593877, 0.9175173608095455, 0.4886141736838325)	31	0
35.897785524761396	(2.361795355028446, 0.9811939947024796, 2.4068385252315196)	43	3
2.8626515518676734	(4.839939923132057, 3.370730321840377, 1.9645824907975904)	30	3
2.36517163409794	(7.644157764326683, 7.844295924987992, 5.279526131855764)	14	3
2.42761642326465	(5.918683832765422, 58.64963415330258, 24.9020499865642)	9	3
4.373283545663852	(1.1744659308264132, 8.645320372117782, 5.040820402816489)	86	3
0.041403055569389835	(219.06009795010755, 72.09559354926114, 128.8375948669249)	1	3
1.4912559901258746	(5.309281772601419, 3.2074368286867796, 0.16413735638235186)	14	3
0.49229656465467997	(26.21898351317741, 25.881538636579773, 55.10312906923513)	5	3
0.008810539176920429	(111.56861952221266, 146.53664489243457, 162.281694081356)	1	3
0.008075276418821886	(26.149952718256074, 1.0999130861425692, 7.409887230887309)	1	3
115.83378465719672	(2.0360560267326795, 1.204798521991836, 0.46528152549122553)	60	0
13.721328867653966	(13.494256456617384, 2.537517913513094, 4.256085796273691)	14	0
4.745502157886764	(0.9757776413108274, 1.0358098592530172, 0.38739403179347204)	36	3
5.281857308946677	(3.3489813030526743, 6.486147967006619, 0.7324101032932402)	27	3
1.6330970927555986	(6.229727233800525, 2.474138626046405, 5.955659185642838)	33	3
12.443359461969063	(3.835680387037149, 5.667206919113244, 6.00749975066399)	43	3
2.4279731267993885	(6.097622459568626, 6.607247588600686, 6.669318316931822)	9	3
5.499157852995205	(10.143010424414008, 4.5922356664485315, 4.8686848619402445)	81	3
2.4258129995332443	(3.4762726735071894, 2.163120504807949, 7.593588246628195)	10	3
1.8657802307055682	(16.96851010957511, 19.30936182433937, 2.7898109382916294)	20	3
2.322081175472256	(2.0185243040098633, 3.5766474082294675, 16.27708700482929)	31	3
12.773401901521035	(5.750796384589046, 4.833926213348986, 3.443236559504615)	206	3
9.57130924543351	(6.723916314940704, 5.004198207274029, 7.470888941654415)	81	3
10.254807029613007	(6.264480637418546, 12.20508019609672, 14.439733211169996)	150	3
13.416283094660566	(5.411793485600582, 14.925652677143411, 9.83489767010586)	86	3
17.65178741855759	(10.61592735068892, 11.721266203570208, 7.61522055095366)	137	3
5.933270278504586	(11.393199204902043, 2.6117893605550018, 1.8847047906029872)	35	3
8.549936799819237	(10.551695078564755, 4.773358534275629, 2.304169316532944)	61	3
1.097522287705134	(3.388357054261218, 1.311064820382072, 3.7108935855451675)	10	3
1.1681465330934957	(10.967256785690376, 2.5515998741670165, 5.437515125172738)	10	3
0.4854748117829782	(1.1582911035358057, 0.9916560949579113, 0.8495348149323494)	3	3
14.755366711295565	(4.621950149989941, 7.005767990460473, 0.7466519086109387)	128	3
8.35353353142597	(16.288603234978417, 14.061445237041882, 14.896834629171156)	110	3
62.44122566061227	(10.352579997682822, 10.713585527236177, 5.88901216757828)	400	3
257.85226512184767	(5.754417307870669, 3.1141281278094506, 11.317792471925165)	960	3
200.42572644403177	(4.314770491779841, 4.622151913386077, 11.835461096193521)	509	0
239.0737719841622	(4.6564935895281385, 2.034801787412654, 0.9935793782650901)	1107	3
194.92594245182227	(7.432271469092201, 4.8835874847011915, 0.4815338148540661)	913	3
63.68797475604699	(1.1564204007828358, 0.4289780312026383, 0.6535067931747865)	90	2
6.057451413651236	(1.7034238472581091, 1.3157907816102956, 3.340809585638476)	40	3
7.272557896503285	(6.550120906569248, 3.015101249187054, 1.0488203332620127)	54	3
5.6088794726320375	(4.634321630834337, 6.064194897063065, 1.4541811318563946)	35	3
58.33823062891799	(6.895128202143403, 4.501835335768264, 7.863762733075877)	239	3
650.7958311187006	(4.098205895792504, 10.710719121016961, 12.075743376514028)	1596	3
517.0656757032839	(5.2322421274896005, 4.194091423858986, 2.2923690121831473)	759	2
129.39237731850295	(10.016418115021258, 5.231119407223062, 3.4152044575338274)	271	2
90.98077338335032	(7.4531914127484535, 5.784344490610808, 11.279031368378247)	108	2
47.913809632768796	(10.220510371360195, 6.884756552886576, 3.1483721564981475)	206	2
14.782057660403641	(2.099510641788377, 0.2736042626949127, 1.7809932598006903)	26	2
0.04979126808939327	(6.5659558111924285, 35.738006202110235, 16.448026811541567)	1	3
10.94675430665571	(1.9798249121591853, 1.662152362826946, 0.8099127769821024)	129	3
5.803785440948698	(11.716279678605822, 8.083992661729726, 8.825467263177673)	57	3
36.24921395348191	(7.424328507111061, 6.7312567887309145, 7.022296784096069)	231	3
284.3122623143736	(4.152170648572409, 9.029205024212713, 14.846433356261645)	478	0
308.65038907529265	(9.387393819625995, 8.975016554073967, 8.154143083711276)	608	2
42.309012895980345	(3.863786813000581, 7.437330379863052, 5.638403345883729)	99	2
83.13465607549082	(1.2254713703760687, 2.132873783509198, 4.946453665634052)	155	2
1.7113842971947735	(23.122964148306256, 19.690130484943328, 15.171187223581246)	14	3
11.95935762751666	(3.8551704255959978, 14.288327259349215, 11.730700209452088)	57	2
0.27745726538671905	(21.21771078825157, 11.370667788997135, 0.6525320620608955)	2	3
6.957988672746359	(0.1905975454159561, 4.908353005187695, 2.2278916593202345)	47	3
13.276042288026071	(1.7765614923349276, 4.3408180980720585, 3.8716514335492636)	114	3
28.214408464665688	(5.636128018169713, 8.214615224424765, 3.782674506108061)	293	3
39.63355885165141	(5.4684230809007675, 6.331173708070657, 7.044385050881592)	276	3
18.66814853875067	(8.474063025425897, 6.6699426353648805, 5.179909013735979)	310	3
35.199266941373715	(7.4085080638234935, 3.1874883603296613, 2.0885895135310832)	80	2
108.13923210060021	(5.1094779085045685, 9.671199379747842, 2.384403630808313)	133	2
1.7668499548951644	(10.682685301556882, 7.209983526935851, 12.433627660367605)	24	3
3.7354120665612625	(8.561249419754395, 5.5605244651943595, 9.300999314304095)	59	3
2.060461431190891	(2.0296243378503505, 9.606577815688473, 5.8394401694306515)	11	3
6.90422120567721	(2.6323608057162087, 2.9003851827807865, 1.1490514362466393)	38	3
1.1345779043472728	(15.935139274903602, 8.578557044566576, 16.474005982889004)	6	3
4.2005345551416955	(9.230428883054474, 9.339822026871273, 6.540753175362941)	59	3
5.494980951742815	(9.681770094361266, 11.421582334411637, 10.090860749837484)	48	3
4.774824749594046	(4.430228868329682, 7.511099070723063, 2.5199556059437866)	27	3
20.205523767339088	(8.565134171329989, 3.5988156500011628, 5.82607502793249)	71	2
21.17343866890938	(2.403605691150058, 1.0409282743406891, 1.4248269581373398)	18	2
0.01913078091456555	(219.97790846816852, 119.10855479477192, 114.56006005779311)	1	3
0.03495272109395864	(6.413657090170229, 60.95134875815924, 87.41432778997903)	2	3
1.813793418820855	(0.0918369607288456, 1.0703382790251306, 0.09358739161187259)	28	3
4.285686154828476	(1.6072438282831754, 2.719842029520038, 3.4996907376837774)	55	3
3.966625914464061	(6.854735204511321, 7.6941030688263625, 10.95003875132102)	33	3
11.453496533459282	(5.239767196274029, 3.438415352776965, 2.0902255959798506)	71	3
10.926539773934772	(4.4338512422403555, 1.8055504742509025, 1.699073759752549)	95	3
3.757444388788789	(10.561114373296192, 6.7003974069883405, 11.047476230828122)	42	3
0.6298306055413161	(1.331838438029269, 1.4719157097848088, 0.23640418743230707)	4	3
4.256902752873515	(13.178963185358953, 2.905979702385458, 1.084311601236795)	77	3
0.003474644385278225	(83.33910670539049, 93.49595535131074, 245.7338340274421)	1	3
0.5493310400636411	(0.0, 0.0, 0.0)	2	3
3.4474186021439257	(17.43467348845119, 15.074523174618422, 4.055379504234033)	18	3
2.3796950303724005	(2.289366029655889, 9.256891950801364, 13.9707616298968)	17	3
0.013944676056780736	(119.33876021916905, 36.80587721560649, 120.2877780657024)	3	3
4.257235537609532	(10.256127899804804, 8.84476918965908, 2.4359026830905757)	23	3
1.391980556264863	(1.8414523018655014, 1.8783301197565567, 0.8011122127864274)	22	3
0.2787469452141522	(1.0065297735626075, 6.24550076637919, 1.9496324221545416)	1	3
1.0263815042110251	(0.97361703939528, 13.225665589685347, 0.16706416149821407)	6	3
0.04712598228616116	(0.0, 0.22243403504962864, 0.22243403504962864)	2	3
3.4022971441456207	(6.677797169058774, 1.7582027697122888, 0.4699707917422192)	77	3
0.08123359703131428	(29.22903627649845, 13.898295857767446, 25.219007965972256)	2	3
0.2769825383729767	(39.2448753355664, 33.65629051276209, 40.41584627055446)	1	3
0.1466410310149513	(9.617201963488675, 2.344490755249858, 9.49028523797327)	1	3
0.6984812423394239	(0.1471582690698562, 1.0209159757461583, 0.9494888364921501)	7	3
0.2502962344092827	(0.0, 0.0, 0.0)	1	3
0.09823085212337901	(0.3428674072871326, 6.943064997564435, 0.08571685182178315)	1	3
0.055814463090428035	(0.5736692424777697, 2.294676969911079, 0.0)	2	3
1.339115032114192	(14.495003617756185, 11.038535785317837, 4.253348593876087)	12	3
0.25581551354298426	(3.532595398793998, 4.208604502959134, 20.12554246739701)	4	3
1.3097950723436087	(13.623797905335056, 5.008286672270343, 1.5917696433428452)	8	3
2.294222448422474	(9.765543319406333, 2.7876940250031597, 3.498984095829992)	57	3
0.9955951324859882	(16.19119619941742, 4.186631235457231, 3.2080806931963837)	6	3
1.3308437467076146	(2.6541821735715985, 0.295137091457145, 0.812764547406985)	8	3
1.6122827858173103	(0.0, 6.572726404182036, 0.18076949189816358)	3	3
0.023295089340535924	(13.021866989352095, 14.302542672492242, 8.861054951790994)	1	3
0.06568150952625729	(1.9979613209282505, 0.0, 2.0308614006922516)	1	3
3.613258075272802	(1.9333197723922397, 3.255125563317306, 3.028032817930446)	19	3
667.566270334852	(2.464666578605245, 1.4062873493476982, 0.46774594270040265)	555	0
9.379623378592047	(3.318280493754362, 5.289144934098606, 3.7727707557986796)	114	3
1.2056116949266995	(14.269638801936923, 9.875986876710977, 1.1548649331604448)	12	3
5.330022768567608	(13.07119911006693, 7.494506775593306, 2.9987549617167626)	35	3
2.0258937844883813	(7.375223785356647, 10.811968311022794, 9.649209067609615)	19	3
0.4206296372503857	(17.869621931092833, 34.10800968760909, 12.495014528320823)	8	3
1.211284707276718	(3.777720719870887, 2.0803016323027554, 1.1459608327976383)	1	3
4.208857347670836	(2.250059176629538, 8.832099205702084, 7.165611957040644)	40	3
150.27523440167352	(2.198094899452545, 2.657678257296931, 0.31002030427827787)	100	0
114.19130754888491	(6.257327515650757, 4.6430824523554906, 5.258046280898369)	486	0
11.569974595010514	(10.509827734242904, 6.154342428846664, 4.682510603918247)	174	3
2.211603082255694	(11.838972678189563, 8.055709464362081, 2.1354021403636096)	26	3
0.3223163288907765	(0.3345247313553357, 1.877554237208961, 0.2009092285818472)	3	3
0.0028031586844008416	(374.65382392443735, 865.1758933177463, 96.65679844292731)	1	3
1.317267380819458	(1.704357932743605, 2.940961417263824, 0.4408265990986504)	3	3
1.226797869585176	(1.6388754045096765, 1.6847238084721878, 0.9007771446188487)	6	3
0.02340429670039157	(88.2350726741302, 152.89139370733216, 107.06819646878165)	1	3
3.513596791218275	(2.4035764339872108, 10.527782442093315, 7.252224652465288)	56	3
7.041519190457465	(12.98271451468475, 19.135794232728134, 4.020969798571024)	98	3
405.1983156181199	(3.0399301779013737, 4.965634113472846, 5.041096601767082)	1805	3
21.242188731839306	(7.810249772553964, 7.03903010001086, 5.865922076890906)	135	3
6.4907347203750065	(9.658925825835805, 14.887360067147586, 11.999109381794481)	66	3
1.1978258917493134	(0.27567741972703746, 0.15023436382961655, 0.2514952338667924)	8	3
0.06795486597548006	(51.65315611137855, 1812.7885789298323, 411.15628635250863)	1	3
22.18440552735226	(1.5029348626401862, 1.0514316346841863, 0.37991263360422195)	20	2
35.51173295457947	(4.362066620587077, 4.118498103404731, 0.8367037774358034)	40	2
1.1487042447101081	(84.38896737111212, 19.249137538721634, 21.42130743783876)	8	3
61.91463938098203	(2.8725699642356086, 6.24964754062449, 4.298948162202566)	193	2
15.704088843310211	(6.92812280088166, 10.583945546888053, 8.603418085176708)	102	3
5.884949890282857	(2.0157630562318185, 8.800169353726385, 5.8954479153782735)	34	3
1.3084087334731294	(7.625512468505564, 4.934631475612814, 5.128486502460283)	13	3
13.30750429239823	(1.9271046305261157, 1.2931130568499036, 0.22506642177737735)	38	2
35.613431852663766	(8.464458335982197, 0.1719937288002609, 0.4592510952814899)	46	2
30.870658950684827	(3.4477615753890634, 5.085286542415216, 0.729209389795206)	17	2
33.469385381569325	(3.104930284373197, 1.8638088413428577, 0.37705913496172233)	13	2
1.5718604845058293	(15.62535357918218, 0.3767835519356321, 5.582413855890259)	8	3
9.158182161790046	(6.634429207092389, 19.361097531728, 4.7525733036426665)	42	0
1.108590008740387	(15.011425272055138, 12.86860766005626, 6.655179410464906)	28	3
4.992009960690077	(16.041890007387494, 11.55294271443941, 1.9410885745204025)	35	3
259.12114418868964	(0.2536838974639152, 5.194545353901719, 4.013501643790498)	72	2
0.22953984638115799	(73.4472975117108, 12.226665394412203, 40.56367047092833)	4	3
0.26391278358096315	(1.710827851033547, 3.069177707380779, 0.3813722699711979)	6	3
0.11346993772713176	(4.177277394520413, 4.832691057953281, 1.2081727644883202)	2	3
81.09790721744199	(1.6901910419250217, 8.2823885387548, 0.5177648480876433)	59	2
0.22717637019923131	(1.1401694023707567, 1.4973112966206055, 2.9815501693865283)	2	3
0.005899426294490695	(122.48268443796941, 449.3825153055772, 1092.7932054748721)	1	3
130.24375249383382	(0.3399667465000647, 6.978953986111119, 0.013710041021460503)	24	0
2.423966143093117	(1.3332516851303216, 2.0000972834124506, 1.0454852642785069)	10	3
327.22713795223274	(5.484617778493314, 7.122107406979777, 8.441386462370193)	119	0
84.32236376265213	(10.850283908758371, 1.4976250400688687, 1.6819499568745422)	128	2
8.911346019888786	(2.0790684492847316, 7.616375397046929, 0.509410368465299)	12	2
0.7833002365822117	(1.6213435884631973, 0.16591424925451798, 1.111638008617748)	4	3
2.3512058151730235	(0.21975917734334113, 0.12212855578233409, 0.037797227623802866)	26	3
0.13897791073759436	(2.920762466489245, 7.623825092713905, 0.17040884042569074)	1	3
0.002229140023700893	(913.044517254739, 286.81629005925214, 3369.4644807124355)	1	3
0.019755007640924305	(20.728735129130662, 36.089884524063514, 261.91473670424836)	1	3
2.1426031173140982	(0.41062506288260153, 0.31734312139536364, 0.09811242349646213)	52	3
1.0906704671356469	(0.6658475582530685, 1.9890286594856632, 0.4855646590793186)	2	3
0.4685930991336155	(0.9506512070291799, 1.4057049319270087, 0.12928766765199856)	2	3
60.528066720950555	(6.180422354431038, 3.6100914457794984, 0.9636836275059538)	118	2
28.17184803118981	(3.019465149797621, 1.038845598269731, 0.4181452675748996)	12	2
0.3025677654754862	(3.863686579727477, 1.0562261812308835, 0.024962222093164732)	7	3
0.7444048381366252	(1.0314067432193348, 0.72870732998529, 0.9855573100309203)	40	3
22.5250906681322	(1.2817262844910897, 0.6839682170207776, 0.24999960903558782)	15	2
0.014361904904944822	(0.0, 0.0, 0.0)	1	3
0.02649038503295742	(0.0, 0.0, 0.0)	1	3
3.3751107291908022	(2.576128649175331, 0.7927677465289823, 0.0)	62	3
0.011019017052603886	(13.064185307994713, 65.77692676898066, 143.73849766249114)	1	3
2.0053889064941144	(2.653155879852162, 0.06595153877224372, 2.1186890632729987)	7	3
1.0566324178738224	(0.24468640161842653, 0.0, 0.0)	37	3
0.599193809522338	(0.09093151184123305, 0.09093151184123303, 0.16165602105108098)	2	3
0.3141728554373563	(0.36050264417055605, 0.39633781899884724, 0.028932480265284485)	2	3
2.7541829226482784	(23.524938410826206, 16.348973299619544, 3.0516090498753172)	23	3
0.8300157104696338	(1.6784563329296829, 1.197217991853484, 0.4991600680857933)	8	3
2.8646359453442263	(16.029043545744674, 0.7846640536844742, 5.052902541897554)	10	3
0.41417033895252453	(0.0, 1.9721522630525295e-31, 0.0)	2	3
0.6014591100832328	(0.9878912309983012, 0.9578154950202925, 0.37001978431340143)	3	3
0.795896213722562	(0.2351095180696021, 0.13224910391415118, 0.0918396554959383)	9	3
1.5812760398716286	(2.016876591927904, 1.2261942972352113, 0.9779829867796941)	5	3
1.044005794073199	(0.2048538561579762, 3.1554436208840472e-30, 0.0)	11	3
0.5140517499058658	(0.08721872758418683, 0.9676988416369433, 0.16902043656261814)	1	3
2.2653169466930163	(2.237569658148269, 0.5884798305195732, 0.31691880017681956)	26	3
0.5472010427023635	(1.9269289184907308, 1.2148349859570362, 1.15501181596914)	6	3
0.8917226343742501	(0.9814393901547976, 2.2082386278482944, 0.0)	2	3
1.966705800911468	(6.363194726417357, 1.852912966002847, 2.6758993549806425)	4	3
2.165848133974447	(10.7758293640473, 6.3834992153579915, 7.938320898260777)	17	3
0.7245990658067373	(28.074962037125026, 25.468432592177003, 1.959428594371558)	10	3
2.005782427683122	(0.381301012754369, 0.16370689834073113, 0.09582366423645605)	10	3
0.006226468220120296	(55.20640487979939, 26.262557377175305, 12.41443729527274)	1	3
0.8001306057199473	(0.021275017056948963, 0.5318754264237241, 0.021275017056948963)	4	3
0.002941768558230251	(39418.43117464333, 4307.205265223642, 6664.7265622463165)	1	3
4.274440233211325	(7.396429951390966, 1.84872940331849, 0.8200318299665027)	23	3
0.33050372966189684	(0.4652401765327905, 1.3960814920441937, 0.11631004413319762)	3	3
0.03586213936413518	(0.0, 0.0, 0.0)	1	3
0.09399958396196872	(0.0, 0.0, 0.0)	1	3
0.6158384714989981	(0.10857958749002726, 0.48283208796324795, 0.28461705176583635)	1	3
0.037224341969704255	(10.25248160093264, 18.69844322068625, 2.4531614809110396)	3	3
29.18842262381583	(0.18826459999724218, 0.02209921341736911, 0.33350056779308385)	8	0
0.3118359241489088	(0.0, 0.0, 0.0)	1	3
0.23984429665147736	(0.0, 0.0, 0.0)	24	3
0.7659893011133327	(0.33328042400878455, 0.33328042400878455, 1.3331216960351382)	5	3
0.39714276294438594	(28.12857483533067, 14.731784687672514, 25.482501104813768)	3	3
0.5925648268821858	(0.0, 0.0, 7.888609052210118e-31)	3	3
3.449133422753907	(9.922872987390118, 0.3205959213777156, 7.888609052210118e-31)	12	3
1.6059979023303512	(3.3401720684103413, 0.09278255745584282, 0.3711302298233713)	8	3
0.06436895571641799	(949.854808030303, 60.7384997422287, 4900.743077148879)	1	3
0.4658504646055047	(0.0, 0.0, 0.0)	2	3
0.09137139041263254	(0.8795338655315499, 0.09772598505906109, 0.0)	2	3
0.016705861315131187	(0.0, 0.0, 0.0)	1	3
2.092550884869612	(0.040507533839258085, 0.25700890297909723, 0.0)	5	3
0.002724579957430251	(0.0, 0.0, 0.0)	1	3
0.31249431069409184	(0.2907985015289134, 0.19286839136486036, 0.05178907254743574)	2	3
2.2827293523596333	(4.595311787211641, 0.6032536702488317, 0.2226815563597094)	46	3
0.02906176057877019	(13.281847388658196, 2.6235747928213726, 0.0)	2	3
0.07940312891514623	(2.751616820653242, 14.559702733728104, 1.0888734092788181)	3	3
0.5142084904764488	(0.7671273478656971, 0.23105147838905477, 0.24493972530830527)	4	3
1.6223764434770713	(0.2840477913714713, 0.11219683928949824, 0.31960680607147995)	6	3
0.005579713615588844	(0.0, 0.0, 0.0)	1	3
1.54218281023099	(4.7564656151331794, 0.1689016639034065, 1.4676739006100572)	6	3
58.772928638869985	(0.2528314121360077, 7.888609052210117e-31, 0.0)	15	0
0.07326197568727366	(0.6255381097205107, 0.15638452743012768, 0.0)	2	3
0.6124126375616943	(0.2350393834293747, 0.2350393834293747, 0.0)	4	3
0.008273648039903492	(0.0, 0.0, 0.0)	1	3
0.02061971166403964	(0.0, 0.0, 0.0)	1	3
0.5112835296743752	(32.21935171042751, 57.723112237823926, 10.094056366466532)	4	3
0.07775492664950434	(3.9590901950547766, 9.62719315762474, 2.128050547229737)	3	3
0.11051448227954097	(3.938467140646201, 0.0, 0.0)	2	3
1.0287616834777167	(7.646901203250387, 4.605152815353489, 1.8613451506194498)	10	3
34.235913074160145	(0.4720828412916173, 0.5417913643420685, 0.2919453569835151)	34	0
4.72791837962691	(8.988286430414568, 7.733980724503595, 0.514904835944164)	55	3
0.014670080417999998	(0.0, 0.0, 0.0)	1	3
